,s04-h1_block2_16631_19943_F,s04-h1_block2_165422_168667_F,s04-h1_block2_201366_204480_F,s04-h1_block2_421279_424187_F,s04-h1_block2_452807_455696_F,s04-h1_block2_476945_479833_F,s03-h1_block2_16631_19521_F,s03-h1_block2_165050_167910_F,s03-h1_block2_182994_185666_F,s03-h1_block2_403235_405878_F,s03-h1_block2_428045_430513_F,s03-h1_block2_462569_465330_F,s03-h1_block2_486649_489092_F,s03-h1_block2_510690_513394_F,s03-h1_block2_534540_537060_F,s03-h2_block2_16442_19230_F,s03-h2_block2_166668_169532_F,s03-h2_block2_211646_214137_F,s03-h2_block2_431830_434264_F,s03-h2_block2_456612_458955_F,s03-h2_block2_501596_504347_F,s03-h2_block2_535877_538637_F,s03-h2_block2_559724_562488_F,s03-h2_block2_583731_586096_F,s03-h2_block2_607818_610341_F,s04-h2_block2_16632_19521_F,s04-h2_block2_165253_168116_F,s04-h2_block2_192187_194880_F,s04-h2_block2_412271_414914_F,s04-h2_block2_437062_439534_F,s04-h2_block2_471568_474327_F,s04-h2_block2_495715_498080_F,s04-h2_block2_530115_532652_F,s04-h2_block2_553965_556420_F,s01-h1_block2_16736_19525_F,s01-h1_block2_167378_170242_F,s01-h1_block2_212356_214847_F,s01-h1_block2_432540_434974_F,s01-h1_block2_457322_459665_F,s01-h1_block2_502306_505057_F,s01-h1_block2_536587_539347_F,s01-h1_block2_560434_563198_F,s01-h1_block2_584441_586806_F,s01-h1_block2_608528_611051_F,s01-h2_block2_16736_19524_F,s01-h2_block2_166970_169834_F,s01-h2_block2_211942_214453_F,s01-h2_block2_236838_239156_F,s01-h2_block2_281797_284548_F,s01-h2_block2_316078_318838_F,s01-h2_block2_339925_342689_F,s01-h2_block2_363774_366297_F,s02-h1_block2_16152_19656_F,s02-h1_block2_179716_182964_F,s02-h1_block2_209384_212564_F,s02-h1_block2_336053_339185_F,s02-h2_block2_14586_19235_F,s02-h2_block2_205444_209711_F,s02-h2_block2_332135_336354_F,s02-h2_block2_356727_361056_F,s04-h1_block16_431228_436278_F,s04-h1_block16_462806_467865_F,s04-h1_block16_486826_491841_F
s04-h1_block2_16631_19943_F,100.0,78.64,82.77,84.99,83.95,81.55,93.17,75.4,79.81,81.67,81.04,80.02,80.63,79.09,76.53,91.31,75.43,77.41,78.8,79.48,79.86,80.0,79.97,79.11,76.55,93.2,75.48,79.36,81.71,81.14,80.05,79.48,76.88,75.75,91.15,75.43,77.41,78.8,79.48,79.86,80.0,79.97,79.11,76.55,91.31,75.43,77.2,79.14,79.86,80.0,79.97,76.58,96.54,78.53,81.71,83.03,64.74,54.09,56.49,54.66,37.61,35.64,29.05
s04-h1_block2_165422_168667_F,78.64,100.0,85.04,85.01,86.08,85.57,76.69,93.63,81.52,82.74,81.08,83.65,80.77,82.87,80.29,75.41,93.81,79.16,79.88,79.32,83.51,83.63,83.65,79.52,80.28,76.69,93.87,81.67,82.74,81.16,83.67,79.76,80.45,79.43,75.38,93.81,79.16,79.88,79.32,83.51,83.63,83.65,79.52,80.28,75.41,93.81,80.13,79.08,83.51,83.63,83.65,80.34,79.49,99.31,85.35,86.42,55.02,59.13,62.26,61.17,46.54,44.26,37.87
s04-h1_block2_201366_204480_F,82.77,85.04,100.0,90.0,89.22,88.99,80.16,81.11,92.77,86.31,83.75,87.41,83.33,86.63,84.11,78.53,81.35,89.94,83.65,82.07,87.23,87.38,87.35,82.35,84.13,80.15,81.39,93.14,86.27,83.71,87.36,82.34,84.42,83.41,78.48,81.35,89.94,83.65,82.07,87.23,87.38,87.35,82.35,84.13,78.53,81.35,84.82,81.7,87.23,87.38,87.35,84.16,84.88,84.95,98.56,93.28,57.22,67.69,64.23,62.26,43.93,41.83,35.58
s04-h1_block2_421279_424187_F,84.99,85.01,90.0,100.0,93.43,90.02,82.79,81.24,85.03,91.83,89.67,88.13,90.16,87.14,84.27,82.64,81.36,82.63,88.45,87.22,88.0,88.1,88.1,86.85,84.31,82.8,81.41,84.61,91.94,89.71,88.16,89.04,84.66,83.38,82.61,81.36,82.63,88.45,87.22,88.0,88.1,88.1,86.85,84.31,82.64,81.36,86.83,87.62,88.0,88.1,88.1,84.32,81.75,85.11,89.04,96.0,54.52,59.35,66.36,62.87,42.57,40.49,34.06
s04-h1_block2_452807_455696_F,83.95,86.08,89.22,93.43,100.0,96.24,84.56,84.66,88.56,93.62,92.88,93.87,92.45,92.8,90.45,82.95,84.71,86.18,90.4,90.98,93.7,93.81,93.81,91.46,90.37,84.55,84.77,88.16,93.63,92.95,93.89,91.36,90.29,89.54,82.9,84.71,86.18,90.4,90.98,93.7,93.81,93.81,91.46,90.37,82.95,84.71,88.85,90.61,93.7,93.81,93.81,90.5,82.99,85.87,88.18,93.7,58.52,62.84,68.47,68.69,46.15,44.06,37.56
s04-h1_block2_476945_479833_F,81.55,85.57,88.99,90.02,96.24,100.0,84.61,86.98,90.85,93.67,93.09,97.22,92.67,96.18,93.78,83.04,87.03,88.5,90.43,91.11,97.04,97.15,97.18,91.39,94.05,84.59,87.09,91.17,93.68,93.09,97.14,91.3,93.68,92.87,82.99,87.03,88.5,90.43,91.11,97.04,97.15,97.18,91.39,94.05,83.04,87.03,91.52,90.71,97.04,97.15,97.18,93.82,83.71,85.31,87.99,93.3,61.69,65.91,71.56,72.0,48.7,46.6,40.11
s03-h1_block2_16631_19521_F,93.17,76.69,80.16,82.79,84.56,84.61,100.0,82.15,86.58,88.43,87.78,86.79,87.36,85.86,83.3,98.05,82.18,84.18,85.57,86.24,86.63,86.77,86.74,85.87,83.31,99.97,82.23,86.13,88.48,87.87,86.82,86.21,83.65,82.51,97.86,82.18,84.18,85.57,86.24,86.63,86.77,86.74,85.87,83.31,98.05,82.18,83.97,85.87,86.63,86.77,86.74,83.35,89.81,76.5,79.11,80.84,71.51,60.85,63.25,61.43,41.02,40.52,35.8
s03-h1_block2_165050_167910_F,75.4,93.63,81.11,81.24,84.66,86.98,82.15,100.0,87.07,88.29,86.59,89.07,86.29,88.39,85.81,80.87,99.34,84.64,85.36,84.83,89.09,89.09,89.07,85.04,85.79,82.15,99.31,87.22,88.26,86.67,89.09,85.28,85.97,84.95,80.84,99.34,84.64,85.36,84.83,89.09,89.09,89.07,85.04,85.79,80.87,99.34,85.62,84.59,89.09,89.09,89.07,85.86,76.24,93.03,81.41,82.64,60.55,64.76,67.86,66.68,48.57,47.9,43.42
s03-h1_block2_182994_185666_F,79.81,81.52,92.77,85.03,88.56,90.85,86.58,87.07,100.0,92.9,90.88,93.04,90.48,93.01,90.48,84.93,87.52,97.06,90.77,89.19,93.19,93.04,92.98,89.47,90.5,86.56,87.57,99.5,92.82,90.85,93.06,89.46,90.82,89.76,84.88,87.52,97.06,90.77,89.19,93.19,93.04,92.98,89.47,90.5,84.93,87.52,91.51,88.82,93.19,93.04,92.98,90.53,81.24,81.3,91.54,87.46,62.92,74.02,69.97,67.89,46.46,45.86,42.12
s03-h1_block2_403235_405878_F,81.67,82.74,86.31,91.83,93.62,93.67,88.43,88.29,92.9,100.0,94.86,95.79,94.48,94.98,92.11,86.71,88.43,90.51,96.56,92.99,95.84,95.79,95.76,93.33,92.13,88.42,88.48,92.5,99.86,94.96,95.81,93.3,92.5,91.22,86.67,88.43,90.51,96.56,92.99,95.84,95.79,95.76,93.33,92.13,86.71,88.43,94.94,92.61,95.84,95.79,95.76,92.16,80.61,82.72,85.33,91.79,62.29,67.24,74.4,70.56,46.33,45.77,41.29
s03-h1_block2_428045_430513_F,81.04,81.08,83.75,89.67,92.88,93.09,87.78,86.59,90.88,94.86,100.0,94.58,99.38,95.46,94.19,86.77,87.17,90.5,94.45,97.12,94.72,94.54,94.51,96.77,94.3,87.79,87.19,90.55,94.83,99.58,94.58,98.1,94.14,93.25,86.72,87.17,90.5,94.45,97.12,94.72,94.54,94.51,96.77,94.3,86.77,87.17,92.83,97.36,94.72,94.54,94.51,94.24,78.12,80.74,82.71,87.14,59.8,65.29,69.54,69.51,45.93,45.42,41.93
s03-h1_block2_462569_465330_F,80.02,83.65,87.41,88.13,93.87,97.22,86.79,89.07,93.04,95.79,94.58,100.0,94.14,98.93,95.46,85.15,89.12,90.61,92.58,92.74,99.76,99.94,99.9,93.11,95.5,86.77,89.19,93.36,95.82,94.69,99.92,92.99,96.3,94.58,85.14,89.12,90.61,92.58,92.74,99.76,99.94,99.9,93.11,95.5,85.15,89.12,93.67,92.35,99.76,99.94,99.9,95.5,82.15,83.43,86.37,91.39,63.83,68.07,73.65,74.37,47.37,46.87,42.14
s03-h1_block2_486649_489092_F,80.63,80.77,83.33,90.16,92.45,92.67,87.36,86.29,90.48,94.48,99.38,94.14,100.0,95.02,93.71,87.25,86.87,90.02,93.95,96.62,94.29,94.11,94.08,96.29,93.81,87.38,86.88,90.13,94.45,99.14,94.14,98.54,93.63,92.74,87.2,86.87,90.02,93.95,96.62,94.29,94.11,94.08,96.29,93.81,87.25,86.87,92.34,97.02,94.29,94.11,94.08,93.76,77.7,80.44,82.29,86.75,59.38,64.87,69.16,69.08,45.53,45.05,41.59
s03-h1_block2_510690_513394_F,79.09,82.87,86.63,87.14,92.8,96.18,85.86,88.39,93.01,94.98,95.46,98.93,95.02,100.0,96.46,84.23,88.96,91.52,93.49,93.62,99.07,98.96,98.99,93.98,96.51,85.84,88.98,93.39,94.96,95.57,98.91,93.87,97.25,95.5,84.21,88.96,91.52,93.49,93.62,99.07,98.96,98.99,93.98,96.51,84.23,88.96,94.58,93.23,99.07,98.96,98.99,96.51,81.36,82.58,85.71,90.4,63.05,68.29,72.9,73.49,47.1,46.62,43.13
s03-h1_block2_534540_537060_F,76.53,80.29,84.11,84.27,90.45,93.78,83.3,85.81,90.48,92.11,94.19,95.46,93.71,96.46,100.0,81.73,86.39,93.39,95.49,96.85,95.6,95.42,95.49,97.42,99.73,83.28,86.4,90.87,92.08,94.21,95.41,92.64,98.94,98.86,81.65,86.39,93.39,95.49,96.85,95.6,95.42,95.49,97.42,99.73,81.73,86.39,96.96,96.48,95.6,95.42,95.49,99.95,78.82,79.97,83.19,87.54,60.5,65.77,70.05,70.4,47.83,47.42,46.12
s03-h2_block2_16442_19230_F,91.31,75.41,78.53,82.64,82.95,83.04,98.05,80.87,84.93,86.71,86.77,85.15,87.25,84.23,81.73,100.0,80.9,82.55,83.87,84.67,84.99,85.14,85.11,84.31,81.78,98.08,80.95,84.48,86.75,86.79,85.2,87.78,82.05,80.93,99.58,80.9,82.55,83.87,84.67,84.99,85.14,85.11,84.31,81.78,100.0,80.9,82.27,85.07,84.99,85.14,85.11,81.78,87.95,75.22,77.44,79.11,69.65,59.19,61.53,59.83,39.77,39.48,34.83
s03-h2_block2_166668_169532_F,75.43,93.81,81.35,81.36,84.71,87.03,82.18,99.34,87.52,88.43,87.17,89.12,86.87,88.96,86.39,80.9,100.0,85.25,85.97,85.41,89.28,89.14,89.12,85.62,86.37,82.18,99.89,87.67,88.39,87.25,89.14,85.86,86.55,85.52,80.87,100.0,85.25,85.97,85.41,89.28,89.14,89.12,85.62,86.37,80.9,100.0,86.23,85.17,89.28,89.14,89.12,86.43,76.29,93.14,81.65,82.74,60.6,65.21,67.97,66.73,48.7,48.04,44.02
s03-h2_block2_211646_214137_F,77.41,79.16,89.94,82.63,86.18,88.5,84.18,84.64,97.06,90.51,90.5,90.61,90.02,91.52,93.39,82.55,85.25,100.0,93.68,92.1,90.75,90.61,90.55,92.39,93.41,84.16,85.27,96.75,90.43,90.4,90.63,89.03,93.73,92.67,82.48,85.25,100.0,93.68,92.1,90.75,90.61,90.55,92.39,93.41,82.55,85.25,94.42,91.73,90.75,90.61,90.55,93.44,78.85,78.87,88.66,85.09,60.53,71.3,67.59,65.46,47.64,47.06,45.02
s03-h2_block2_431830_434264_F,78.8,79.88,83.65,88.45,90.4,90.43,85.57,85.36,90.77,96.56,94.45,92.58,93.95,93.49,95.49,83.87,85.97,93.68,100.0,96.37,92.75,92.58,92.55,96.67,95.5,85.55,85.99,90.43,96.51,94.5,92.59,92.87,95.89,94.59,83.81,85.97,93.68,100.0,96.37,92.75,92.58,92.55,96.67,95.5,83.87,85.97,98.38,95.98,92.75,92.58,92.55,95.54,77.8,79.78,82.66,88.48,59.48,65.24,71.06,67.33,47.24,46.7,44.68
s03-h2_block2_456612_458955_F,79.48,79.32,82.07,87.22,90.98,91.11,86.24,84.83,89.19,92.99,97.12,92.74,96.62,93.62,96.85,84.67,85.41,92.1,96.37,100.0,92.88,92.71,92.67,99.42,96.96,86.23,85.43,88.85,92.99,97.3,92.72,95.41,96.26,95.9,84.59,85.41,92.1,96.37,100.0,92.88,92.71,92.67,99.42,96.96,84.67,85.41,95.14,99.6,92.88,92.71,92.67,96.9,76.48,78.96,81.01,85.27,58.17,63.59,67.69,67.51,46.33,45.86,44.46
s03-h2_block2_501596_504347_F,79.86,83.51,87.23,88.0,93.7,97.04,86.63,89.09,93.19,95.84,94.72,99.76,94.29,99.07,95.6,84.99,89.28,90.75,92.75,92.88,100.0,99.82,99.76,93.25,95.65,86.61,89.35,93.51,95.82,94.8,99.74,93.11,96.48,94.7,84.98,89.28,90.75,92.75,92.88,100.0,99.82,99.76,93.25,95.65,84.99,89.28,93.84,92.5,100.0,99.82,99.76,95.65,82.0,83.28,86.19,91.27,63.69,68.21,73.65,74.26,47.19,46.7,42.28
s03-h2_block2_535877_538637_F,80.0,83.63,87.38,88.1,93.81,97.15,86.77,89.09,93.04,95.79,94.54,99.94,94.11,98.96,95.42,85.14,89.14,90.61,92.58,92.71,99.82,100.0,99.9,93.07,95.47,86.75,89.2,93.36,95.82,94.66,99.92,92.96,96.34,94.56,85.12,89.14,90.61,92.58,92.71,99.82,100.0,99.9,93.07,95.47,85.14,89.14,93.67,92.32,99.82,100.0,99.9,95.47,82.13,83.41,86.34,91.36,63.81,68.07,73.65,74.37,47.32,46.82,42.14
s03-h2_block2_559724_562488_F,79.97,83.65,87.35,88.1,93.81,97.18,86.74,89.07,92.98,95.76,94.51,99.9,94.08,98.99,95.49,85.11,89.12,90.55,92.55,92.67,99.76,99.9,100.0,93.04,95.54,86.72,89.19,93.3,95.79,94.62,99.89,92.93,96.3,94.56,85.09,89.12,90.55,92.55,92.67,99.76,99.9,100.0,93.04,95.54,85.11,89.12,93.63,92.29,99.76,99.9,100.0,95.54,82.19,83.43,86.4,91.39,63.88,68.1,73.72,74.47,47.34,46.84,42.12
s03-h2_block2_583731_586096_F,79.11,79.52,82.35,86.85,91.46,91.39,85.87,85.04,89.47,93.33,96.77,93.11,96.29,93.98,97.42,84.31,85.62,92.39,96.67,99.42,93.25,93.07,93.04,100.0,97.25,85.86,85.63,89.14,93.3,96.78,93.12,95.22,96.62,96.38,84.23,85.62,92.39,96.67,99.42,93.25,93.07,93.04,100.0,97.25,84.31,85.62,95.44,99.06,93.25,93.07,93.04,97.47,76.71,79.19,81.3,85.6,58.39,63.88,68.02,67.93,46.5,46.12,44.71
s03-h2_block2_607818_610341_F,76.55,80.28,84.13,84.31,90.37,94.05,83.31,85.79,90.5,92.13,94.3,95.5,93.81,96.51,99.73,81.78,86.37,93.41,95.5,96.96,95.65,95.47,95.54,97.25,100.0,83.3,86.39,90.88,92.1,94.32,95.42,92.56,98.99,98.69,81.7,86.37,93.41,95.5,96.96,95.65,95.47,95.54,97.25,100.0,81.78,86.37,96.98,96.56,95.65,95.47,95.54,99.78,78.84,79.96,83.2,87.55,60.52,65.78,70.07,70.39,47.86,47.4,46.04
s04-h2_block2_16632_19521_F,93.2,76.69,80.15,82.8,84.55,84.59,99.97,82.15,86.56,88.42,87.79,86.77,87.38,85.84,83.28,98.08,82.18,84.16,85.55,86.23,86.61,86.75,86.72,85.86,83.3,100.0,82.23,86.11,88.47,87.89,86.8,86.23,83.63,82.5,97.89,82.18,84.16,85.55,86.23,86.61,86.75,86.72,85.86,83.3,98.08,82.18,83.95,85.89,86.61,86.75,86.72,83.33,89.81,76.5,79.09,80.82,71.51,60.84,63.24,61.41,41.02,40.52,35.8
s04-h2_block2_165253_168116_F,75.48,93.87,81.39,81.41,84.77,87.09,82.23,99.31,87.57,88.48,87.19,89.19,86.88,88.98,86.4,80.95,99.89,85.27,85.99,85.43,89.35,89.2,89.19,85.63,86.39,82.23,100.0,87.71,88.43,87.27,89.2,85.87,86.56,85.54,80.92,99.89,85.27,85.99,85.43,89.35,89.2,89.19,85.63,86.39,80.95,99.89,86.24,85.19,89.35,89.2,89.19,86.45,76.34,93.2,81.7,82.8,60.57,65.17,67.94,66.71,48.68,48.02,43.98
s04-h2_block2_192187_194880_F,79.36,81.67,93.14,84.61,88.16,91.17,86.13,87.22,99.5,92.5,90.55,93.36,90.13,93.39,90.87,84.48,87.67,96.75,90.43,88.85,93.51,93.36,93.3,89.14,90.88,86.11,87.71,100.0,92.42,90.51,93.35,89.12,91.2,90.15,84.43,87.67,96.75,90.43,88.85,93.51,93.36,93.3,89.14,90.88,84.48,87.67,91.6,88.48,93.51,93.36,93.3,90.91,81.51,81.44,91.87,87.81,63.19,74.45,70.32,68.21,46.55,45.96,42.28
s04-h2_block2_412271_414914_F,81.71,82.74,86.27,91.94,93.63,93.68,88.48,88.26,92.82,99.86,94.83,95.82,94.45,94.96,92.08,86.75,88.39,90.43,96.51,92.99,95.82,95.82,95.79,93.3,92.1,88.47,88.43,92.42,100.0,94.96,95.84,93.27,92.48,91.19,86.72,88.39,90.43,96.51,92.99,95.82,95.82,95.79,93.3,92.1,86.75,88.39,94.9,92.61,95.82,95.82,95.79,92.13,80.61,82.71,85.3,91.76,62.29,67.16,74.37,70.58,46.38,45.83,41.29
s04-h2_block2_437062_439534_F,81.14,81.16,83.71,89.71,92.95,93.09,87.87,86.67,90.85,94.96,99.58,94.69,99.14,95.57,94.21,86.79,87.25,90.4,94.5,97.3,94.8,94.66,94.62,96.78,94.32,87.89,87.27,90.51,94.96,100.0,94.69,97.92,94.18,93.31,86.74,87.25,90.4,94.5,97.3,94.8,94.66,94.62,96.78,94.32,86.79,87.25,92.88,97.44,94.8,94.66,94.62,94.26,78.1,80.8,82.67,87.2,59.78,65.25,69.64,69.44,45.94,45.43,41.95
s04-h2_block2_471568_474327_F,80.05,83.67,87.36,88.16,93.89,97.14,86.82,89.09,93.06,95.81,94.58,99.92,94.14,98.91,95.41,85.2,89.14,90.63,92.59,92.72,99.74,99.92,99.89,93.12,95.42,86.8,89.2,93.35,95.84,94.69,100.0,92.99,96.32,94.54,85.19,89.14,90.63,92.59,92.72,99.74,99.92,99.89,93.12,95.42,85.2,89.14,93.68,92.35,99.74,99.92,99.89,95.46,82.15,83.44,86.32,91.35,63.83,68.02,73.6,74.39,47.32,46.82,42.11
s04-h2_block2_495715_498080_F,79.48,79.76,82.34,89.04,91.36,91.3,86.21,85.28,89.46,93.3,98.1,92.99,98.54,93.87,92.64,87.78,85.86,89.03,92.87,95.41,93.11,92.96,92.93,95.22,92.56,86.23,85.87,89.12,93.27,97.92,92.99,100.0,92.45,91.65,87.83,85.86,89.03,92.87,95.41,93.11,92.96,92.93,95.22,92.56,87.78,85.86,91.25,95.81,93.11,92.96,92.93,92.69,76.55,79.43,81.27,85.57,58.23,63.85,67.97,67.94,44.62,44.38,40.92
s04-h2_block2_530115_532652_F,76.88,80.45,84.42,84.66,90.29,93.68,83.65,85.97,90.82,92.5,94.14,96.3,93.63,97.25,98.94,82.05,86.55,93.73,95.89,96.26,96.48,96.34,96.3,96.62,98.99,83.63,86.56,91.2,92.48,94.18,96.32,92.45,100.0,98.08,82.0,86.55,93.73,95.89,96.26,96.48,96.34,96.3,96.62,98.99,82.05,86.55,97.2,95.87,96.48,96.34,96.3,98.99,79.03,80.16,83.36,87.89,60.71,65.94,70.28,70.77,47.91,47.42,45.61
s04-h2_block2_553965_556420_F,75.75,79.43,83.41,83.38,89.54,92.87,82.51,84.95,89.76,91.22,93.25,94.58,92.74,95.5,98.86,80.93,85.52,92.67,94.59,95.9,94.7,94.56,94.56,96.38,98.69,82.5,85.54,90.15,91.19,93.31,94.54,91.65,98.08,100.0,80.85,85.52,92.67,94.59,95.9,94.7,94.56,94.56,96.38,98.69,80.93,85.52,96.06,95.54,94.7,94.56,94.56,98.82,77.94,79.14,82.39,86.64,59.62,64.97,69.06,69.51,47.08,46.6,47.03
s01-h1_block2_16736_19525_F,91.15,75.38,78.48,82.61,82.9,82.99,97.86,80.84,84.88,86.67,86.72,85.14,87.2,84.21,81.65,99.58,80.87,82.48,83.81,84.59,84.98,85.12,85.09,84.23,81.7,97.89,80.92,84.43,86.72,86.74,85.19,87.83,82.0,80.85,100.0,80.87,82.48,83.81,84.59,84.98,85.12,85.09,84.23,81.7,99.58,80.87,82.21,84.99,84.98,85.12,85.09,81.7,87.76,75.19,77.4,79.08,69.46,59.14,61.49,59.81,39.71,39.42,34.75
s01-h1_block2_167378_170242_F,75.43,93.81,81.35,81.36,84.71,87.03,82.18,99.34,87.52,88.43,87.17,89.12,86.87,88.96,86.39,80.9,100.0,85.25,85.97,85.41,89.28,89.14,89.12,85.62,86.37,82.18,99.89,87.67,88.39,87.25,89.14,85.86,86.55,85.52,80.87,100.0,85.25,85.97,85.41,89.28,89.14,89.12,85.62,86.37,80.9,100.0,86.23,85.17,89.28,89.14,89.12,86.43,76.29,93.14,81.65,82.74,60.6,65.21,67.97,66.73,48.7,48.04,44.02
s01-h1_block2_212356_214847_F,77.41,79.16,89.94,82.63,86.18,88.5,84.18,84.64,97.06,90.51,90.5,90.61,90.02,91.52,93.39,82.55,85.25,100.0,93.68,92.1,90.75,90.61,90.55,92.39,93.41,84.16,85.27,96.75,90.43,90.4,90.63,89.03,93.73,92.67,82.48,85.25,100.0,93.68,92.1,90.75,90.61,90.55,92.39,93.41,82.55,85.25,94.42,91.73,90.75,90.61,90.55,93.44,78.85,78.87,88.66,85.09,60.53,71.3,67.59,65.46,47.64,47.06,45.02
s01-h1_block2_432540_434974_F,78.8,79.88,83.65,88.45,90.4,90.43,85.57,85.36,90.77,96.56,94.45,92.58,93.95,93.49,95.49,83.87,85.97,93.68,100.0,96.37,92.75,92.58,92.55,96.67,95.5,85.55,85.99,90.43,96.51,94.5,92.59,92.87,95.89,94.59,83.81,85.97,93.68,100.0,96.37,92.75,92.58,92.55,96.67,95.5,83.87,85.97,98.38,95.98,92.75,92.58,92.55,95.54,77.8,79.78,82.66,88.48,59.48,65.24,71.06,67.33,47.24,46.7,44.68
s01-h1_block2_457322_459665_F,79.48,79.32,82.07,87.22,90.98,91.11,86.24,84.83,89.19,92.99,97.12,92.74,96.62,93.62,96.85,84.67,85.41,92.1,96.37,100.0,92.88,92.71,92.67,99.42,96.96,86.23,85.43,88.85,92.99,97.3,92.72,95.41,96.26,95.9,84.59,85.41,92.1,96.37,100.0,92.88,92.71,92.67,99.42,96.96,84.67,85.41,95.14,99.6,92.88,92.71,92.67,96.9,76.48,78.96,81.01,85.27,58.17,63.59,67.69,67.51,46.33,45.86,44.46
s01-h1_block2_502306_505057_F,79.86,83.51,87.23,88.0,93.7,97.04,86.63,89.09,93.19,95.84,94.72,99.76,94.29,99.07,95.6,84.99,89.28,90.75,92.75,92.88,100.0,99.82,99.76,93.25,95.65,86.61,89.35,93.51,95.82,94.8,99.74,93.11,96.48,94.7,84.98,89.28,90.75,92.75,92.88,100.0,99.82,99.76,93.25,95.65,84.99,89.28,93.84,92.5,100.0,99.82,99.76,95.65,82.0,83.28,86.19,91.27,63.69,68.21,73.65,74.26,47.19,46.7,42.28
s01-h1_block2_536587_539347_F,80.0,83.63,87.38,88.1,93.81,97.15,86.77,89.09,93.04,95.79,94.54,99.94,94.11,98.96,95.42,85.14,89.14,90.61,92.58,92.71,99.82,100.0,99.9,93.07,95.47,86.75,89.2,93.36,95.82,94.66,99.92,92.96,96.34,94.56,85.12,89.14,90.61,92.58,92.71,99.82,100.0,99.9,93.07,95.47,85.14,89.14,93.67,92.32,99.82,100.0,99.9,95.47,82.13,83.41,86.34,91.36,63.81,68.07,73.65,74.37,47.32,46.82,42.14
s01-h1_block2_560434_563198_F,79.97,83.65,87.35,88.1,93.81,97.18,86.74,89.07,92.98,95.76,94.51,99.9,94.08,98.99,95.49,85.11,89.12,90.55,92.55,92.67,99.76,99.9,100.0,93.04,95.54,86.72,89.19,93.3,95.79,94.62,99.89,92.93,96.3,94.56,85.09,89.12,90.55,92.55,92.67,99.76,99.9,100.0,93.04,95.54,85.11,89.12,93.63,92.29,99.76,99.9,100.0,95.54,82.19,83.43,86.4,91.39,63.88,68.1,73.72,74.47,47.34,46.84,42.12
s01-h1_block2_584441_586806_F,79.11,79.52,82.35,86.85,91.46,91.39,85.87,85.04,89.47,93.33,96.77,93.11,96.29,93.98,97.42,84.31,85.62,92.39,96.67,99.42,93.25,93.07,93.04,100.0,97.25,85.86,85.63,89.14,93.3,96.78,93.12,95.22,96.62,96.38,84.23,85.62,92.39,96.67,99.42,93.25,93.07,93.04,100.0,97.25,84.31,85.62,95.44,99.06,93.25,93.07,93.04,97.47,76.71,79.19,81.3,85.6,58.39,63.88,68.02,67.93,46.5,46.12,44.71
s01-h1_block2_608528_611051_F,76.55,80.28,84.13,84.31,90.37,94.05,83.31,85.79,90.5,92.13,94.3,95.5,93.81,96.51,99.73,81.78,86.37,93.41,95.5,96.96,95.65,95.47,95.54,97.25,100.0,83.3,86.39,90.88,92.1,94.32,95.42,92.56,98.99,98.69,81.7,86.37,93.41,95.5,96.96,95.65,95.47,95.54,97.25,100.0,81.78,86.37,96.98,96.56,95.65,95.47,95.54,99.78,78.84,79.96,83.2,87.55,60.52,65.78,70.07,70.39,47.86,47.4,46.04
s01-h2_block2_16736_19524_F,91.31,75.41,78.53,82.64,82.95,83.04,98.05,80.87,84.93,86.71,86.77,85.15,87.25,84.23,81.73,100.0,80.9,82.55,83.87,84.67,84.99,85.14,85.11,84.31,81.78,98.08,80.95,84.48,86.75,86.79,85.2,87.78,82.05,80.93,99.58,80.9,82.55,83.87,84.67,84.99,85.14,85.11,84.31,81.78,100.0,80.9,82.27,85.07,84.99,85.14,85.11,81.78,87.95,75.22,77.44,79.11,69.65,59.19,61.53,59.83,39.77,39.48,34.83
s01-h2_block2_166970_169834_F,75.43,93.81,81.35,81.36,84.71,87.03,82.18,99.34,87.52,88.43,87.17,89.12,86.87,88.96,86.39,80.9,100.0,85.25,85.97,85.41,89.28,89.14,89.12,85.62,86.37,82.18,99.89,87.67,88.39,87.25,89.14,85.86,86.55,85.52,80.87,100.0,85.25,85.97,85.41,89.28,89.14,89.12,85.62,86.37,80.9,100.0,86.23,85.17,89.28,89.14,89.12,86.43,76.29,93.14,81.65,82.74,60.6,65.21,67.97,66.73,48.7,48.04,44.02
s01-h2_block2_211942_214453_F,77.2,80.13,84.82,86.83,88.85,91.52,83.97,85.62,91.51,94.94,92.83,93.67,92.34,94.58,96.96,82.27,86.23,94.42,98.38,95.14,93.84,93.67,93.63,95.44,96.98,83.95,86.24,91.6,94.9,92.88,93.68,91.25,97.2,96.06,82.21,86.23,94.42,98.38,95.14,93.84,93.67,93.63,95.44,96.98,82.27,86.23,100.0,94.75,93.84,93.67,93.63,97.01,78.87,80.04,83.83,89.7,60.55,66.41,72.28,68.42,47.91,47.37,45.67
s01-h2_block2_236838_239156_F,79.14,79.08,81.7,87.62,90.61,90.71,85.87,84.59,88.82,92.61,97.36,92.35,97.02,93.23,96.48,85.07,85.17,91.73,95.98,99.6,92.5,92.32,92.29,99.06,96.56,85.89,85.19,88.48,92.61,97.44,92.35,95.81,95.87,95.54,84.99,85.17,91.73,95.98,99.6,92.5,92.32,92.29,99.06,96.56,85.07,85.17,94.75,100.0,92.5,92.32,92.29,96.53,76.12,78.72,80.64,84.88,57.8,63.22,67.3,67.14,46.12,45.62,44.23
s01-h2_block2_281797_284548_F,79.86,83.51,87.23,88.0,93.7,97.04,86.63,89.09,93.19,95.84,94.72,99.76,94.29,99.07,95.6,84.99,89.28,90.75,92.75,92.88,100.0,99.82,99.76,93.25,95.65,86.61,89.35,93.51,95.82,94.8,99.74,93.11,96.48,94.7,84.98,89.28,90.75,92.75,92.88,100.0,99.82,99.76,93.25,95.65,84.99,89.28,93.84,92.5,100.0,99.82,99.76,95.65,82.0,83.28,86.19,91.27,63.69,68.21,73.65,74.26,47.19,46.7,42.28
s01-h2_block2_316078_318838_F,80.0,83.63,87.38,88.1,93.81,97.15,86.77,89.09,93.04,95.79,94.54,99.94,94.11,98.96,95.42,85.14,89.14,90.61,92.58,92.71,99.82,100.0,99.9,93.07,95.47,86.75,89.2,93.36,95.82,94.66,99.92,92.96,96.34,94.56,85.12,89.14,90.61,92.58,92.71,99.82,100.0,99.9,93.07,95.47,85.14,89.14,93.67,92.32,99.82,100.0,99.9,95.47,82.13,83.41,86.34,91.36,63.81,68.07,73.65,74.37,47.32,46.82,42.14
s01-h2_block2_339925_342689_F,79.97,83.65,87.35,88.1,93.81,97.18,86.74,89.07,92.98,95.76,94.51,99.9,94.08,98.99,95.49,85.11,89.12,90.55,92.55,92.67,99.76,99.9,100.0,93.04,95.54,86.72,89.19,93.3,95.79,94.62,99.89,92.93,96.3,94.56,85.09,89.12,90.55,92.55,92.67,99.76,99.9,100.0,93.04,95.54,85.11,89.12,93.63,92.29,99.76,99.9,100.0,95.54,82.19,83.43,86.4,91.39,63.88,68.1,73.72,74.47,47.34,46.84,42.12
s01-h2_block2_363774_366297_F,76.58,80.34,84.16,84.32,90.5,93.82,83.35,85.86,90.53,92.16,94.24,95.5,93.76,96.51,99.95,81.78,86.43,93.44,95.54,96.9,95.65,95.47,95.54,97.47,99.78,83.33,86.45,90.91,92.13,94.26,95.46,92.69,98.99,98.82,81.7,86.43,93.44,95.54,96.9,95.65,95.47,95.54,97.47,99.78,81.78,86.43,97.01,96.53,95.65,95.47,95.54,100.0,78.87,80.02,83.23,87.59,60.55,65.81,70.1,70.45,47.88,47.46,46.07
s02-h1_block2_16152_19656_F,96.54,79.49,84.88,81.75,82.99,83.71,89.81,76.24,81.24,80.61,78.12,82.15,77.7,81.36,78.82,87.95,76.29,78.85,77.8,76.48,82.0,82.13,82.19,76.71,78.84,89.81,76.34,81.51,80.61,78.1,82.15,76.55,79.03,77.94,87.76,76.29,78.85,77.8,76.48,82.0,82.13,82.19,76.71,78.84,87.95,76.29,78.87,76.12,82.0,82.13,82.19,78.87,100.0,79.4,84.0,85.03,68.17,56.42,58.69,57.13,39.05,37.05,30.51
s02-h1_block2_179716_182964_F,78.53,99.31,84.95,85.11,85.87,85.31,76.5,93.03,81.3,82.72,80.74,83.43,80.44,82.58,79.97,75.22,93.14,78.87,79.78,78.96,83.28,83.41,83.43,79.19,79.96,76.5,93.2,81.44,82.71,80.8,83.44,79.43,80.16,79.14,75.19,93.14,78.87,79.78,78.96,83.28,83.41,83.43,79.19,79.96,75.22,93.14,80.04,78.72,83.28,83.41,83.43,80.02,79.4,100.0,85.25,86.55,54.84,58.9,62.25,60.98,46.46,44.22,37.74
s02-h1_block2_209384_212564_F,81.71,85.35,98.56,89.04,88.18,87.99,79.11,81.41,91.54,85.33,82.71,86.37,82.29,85.71,83.19,77.44,81.65,88.66,82.66,81.01,86.19,86.34,86.4,81.3,83.2,79.09,81.7,91.87,85.3,82.67,86.32,81.27,83.36,82.39,77.4,81.65,88.66,82.66,81.01,86.19,86.34,86.4,81.3,83.2,77.44,81.65,83.83,80.64,86.19,86.34,86.4,83.23,84.0,85.25,100.0,92.35,58.1,69.04,65.22,63.3,44.39,42.27,36.01
s02-h1_block2_336053_339185_F,83.03,86.42,93.28,96.0,93.7,93.3,80.84,82.64,87.46,91.79,87.14,91.39,86.75,90.4,87.54,79.11,82.74,85.09,88.48,85.27,91.27,91.36,91.39,85.6,87.55,80.82,82.8,87.81,91.76,87.2,91.35,85.57,87.89,86.64,79.08,82.74,85.09,88.48,85.27,91.27,91.36,91.39,85.6,87.55,79.11,82.74,89.7,84.88,91.27,91.36,91.39,87.59,85.03,86.55,92.35,100.0,57.78,62.61,69.84,66.17,44.6,42.44,35.96
s02-h2_block2_14586_19235_F,64.74,55.02,57.22,54.52,58.52,61.69,71.51,60.55,62.92,62.29,59.8,63.83,59.38,63.05,60.5,69.65,60.6,60.53,59.48,58.17,63.69,63.81,63.88,58.39,60.52,71.51,60.57,63.19,62.29,59.78,63.83,58.23,60.71,59.62,69.46,60.6,60.53,59.48,58.17,63.69,63.81,63.88,58.39,60.52,69.65,60.6,60.55,57.8,63.69,63.81,63.88,60.55,68.17,54.84,58.1,57.78,100.0,84.23,84.42,84.03,51.1,50.62,45.94
s02-h2_block2_205444_209711_F,54.09,59.13,67.69,59.35,62.84,65.91,60.85,64.76,74.02,67.24,65.29,68.07,64.87,68.29,65.77,59.19,65.21,71.3,65.24,63.59,68.21,68.07,68.1,63.88,65.78,60.84,65.17,74.45,67.16,65.25,68.02,63.85,65.94,64.97,59.14,65.21,71.3,65.24,63.59,68.21,68.07,68.1,63.88,65.78,59.19,65.21,66.41,63.22,68.21,68.07,68.1,65.81,56.42,58.9,69.04,62.61,84.23,100.0,90.64,88.15,55.75,55.19,51.54
s02-h2_block2_332135_336354_F,56.49,62.26,64.23,66.36,68.47,71.56,63.25,67.86,69.97,74.4,69.54,73.65,69.16,72.9,70.05,61.53,67.97,67.59,71.06,67.69,73.65,73.65,73.72,68.02,70.07,63.24,67.94,70.32,74.37,69.64,73.6,67.97,70.28,69.06,61.49,67.97,67.59,71.06,67.69,73.65,73.65,73.72,68.02,70.07,61.53,67.97,72.28,67.3,73.65,73.65,73.72,70.1,58.69,62.25,65.22,69.84,84.42,90.64,100.0,91.35,55.66,55.13,50.62
s02-h2_block2_356727_361056_F,54.66,61.17,62.26,62.87,68.69,72.0,61.43,66.68,67.89,70.56,69.51,74.37,69.08,73.49,70.4,59.83,66.73,65.46,67.33,67.51,74.26,74.37,74.47,67.93,70.39,61.41,66.71,68.21,70.58,69.44,74.39,67.94,70.77,69.51,59.81,66.73,65.46,67.33,67.51,74.26,74.37,74.47,67.93,70.39,59.83,66.73,68.42,67.14,74.26,74.37,74.47,70.45,57.13,60.98,63.3,66.17,84.03,88.15,91.35,100.0,56.61,56.12,51.46
s04-h1_block16_431228_436278_F,37.61,46.54,43.93,42.57,46.15,48.7,41.02,48.57,46.46,46.33,45.93,47.37,45.53,47.1,47.83,39.77,48.7,47.64,47.24,46.33,47.19,47.32,47.34,46.5,47.86,41.02,48.68,46.55,46.38,45.94,47.32,44.62,47.91,47.08,39.71,48.7,47.64,47.24,46.33,47.19,47.32,47.34,46.5,47.86,39.77,48.7,47.91,46.12,47.19,47.32,47.34,47.88,39.05,46.46,44.39,44.6,51.1,55.75,55.66,56.61,100.0,95.57,87.76
s04-h1_block16_462806_467865_F,35.64,44.26,41.83,40.49,44.06,46.6,40.52,47.9,45.86,45.77,45.42,46.87,45.05,46.62,47.42,39.48,48.04,47.06,46.7,45.86,46.7,46.82,46.84,46.12,47.4,40.52,48.02,45.96,45.83,45.43,46.82,44.38,47.42,46.6,39.42,48.04,47.06,46.7,45.86,46.7,46.82,46.84,46.12,47.4,39.48,48.04,47.37,45.62,46.7,46.82,46.84,47.46,37.05,44.22,42.27,42.44,50.62,55.19,55.13,56.12,95.57,100.0,90.71
s04-h1_block16_486826_491841_F,29.05,37.87,35.58,34.06,37.56,40.11,35.8,43.42,42.12,41.29,41.93,42.14,41.59,43.13,46.12,34.83,44.02,45.02,44.68,44.46,42.28,42.14,42.12,44.71,46.04,35.8,43.98,42.28,41.29,41.95,42.11,40.92,45.61,47.03,34.75,44.02,45.02,44.68,44.46,42.28,42.14,42.12,44.71,46.04,34.83,44.02,45.67,44.23,42.28,42.14,42.12,46.07,30.51,37.74,36.01,35.96,45.94,51.54,50.62,51.46,87.76,90.71,100.0
