,s17-h2_block19_869315_871929_F,s17-h2_block19_878606_881831_F,s17-h2_block19_887960_890944_F,s17-h2_block19_897395_900196_F,s17-h2_block19_906323_909695_F,s17-h2_block19_916305_919122_F,s17-h1_block2_35970_42098_F,s17-h1_block2_45791_51714_F,s17-h1_block2_54851_60664_F,s17-h1_block2_64458_70268_F,s17-h1_block2_74066_79472_F,s17-h1_block2_83394_88710_F,s18-h1_block18_794988_797571_F,s18-h1_block18_804226_807579_F,s18-h1_block18_813430_816620_F,s18-h1_block18_823034_826004_F,s18-h1_block18_831984_835390_F,s18-h1_block18_841600_844804_F,s10-h2_block2_28030_29993_F,s10-h2_block2_37094_39323_F,s10-h2_block2_46801_48795_F,s10-h2_block2_56423_58610_F,s02-h2_block2_32021_34777_F,s02-h2_block2_41867_44088_F,s02-h2_block2_51118_53526_F,s02-h2_block2_60440_62856_F,s02-h2_block2_69679_72063_F,s02-h2_block2_79423_82071_F,s18-h2_block11_673152_675686_F,s18-h2_block11_682390_685741_F,s18-h2_block11_691594_694782_F,s18-h2_block11_701198_704119_F,s18-h2_block11_710148_713552_F,s18-h2_block11_719764_722918_F,s02-h1_block10_641944_649440_F,s02-h1_block10_651706_659059_F,s02-h1_block10_661235_668288_F,s02-h1_block10_670490_677670_F,s02-h1_block10_679858_687061_F,s16-h2_block2_18298_20122_F,s16-h2_block2_36846_38722_F,s12-h1_block1_8619_10411_F,s12-h1_block1_18274_20082_F,s12-h1_block1_46361_48137_F,s03-h1_block12_744035_748649_F,s03-h1_block12_753678_758466_F,s03-h1_block12_763106_767774_F,s03-h1_block12_772441_776991_F,s03-h1_block12_781905_786203_F,s03-h1_block12_791128_795740_F,s11-h1_block1_12297_20221_F,s11-h1_block1_22142_29718_F,s11-h1_block1_31598_39421_F,s17-h1_block1_31962_34071_F,s17-h1_block1_79474_81364_F,s17-h1_block1_88712_90786_F,s18-h1_block17_792912_794986_F,s18-h1_block17_802334_804224_F,s18-h1_block17_849627_851736_F,s10-h2_block1_11472_16800_F,s10-h2_block1_21332_26123_F,s10-h2_block1_30473_35501_F,s10-h2_block1_39888_44762_F,s10-h2_block1_49095_54189_F,s10-h2_block1_58783_63972_F,s03-h1_block13_749607_751548_F,s03-h1_block13_768649_770847_F,s03-h1_block13_778085_780088_F,s03-h1_block13_787357_789237_F,s17-h2_block18_867190_869313_F,s17-h2_block18_876821_878604_F,s17-h2_block18_914352_916303_F,s17-h2_block18_923912_926088_F,s13-h1_block2_31946_37632_F,s13-h1_block2_41788_47625_F,s13-h1_block2_50811_56537_F,s13-h1_block2_60284_65790_F,s13-h1_block2_69605_75330_F,s13-h1_block2_79343_85038_F,s02-h2_block1_28013_30102_F,s02-h2_block1_75508_77376_F,s02-h2_block1_84887_86847_F,s08-h2_block2_18036_19907_F,s08-h2_block2_36346_38546_F,s08-h2_block2_55824_57944_F,s18-h2_block10_671076_673150_F,s18-h2_block10_680498_682388_F,s18-h2_block10_727791_729900_F,s16-h2_block1_11005_17271_F,s16-h2_block1_20125_26504_F,s16-h2_block1_29409_35764_F,s16-h2_block1_39044_45285_F,s16-h2_block1_48673_55078_F,s10-h1_block10_652734_654924_F,s10-h1_block10_672064_674226_F,s10-h1_block10_681213_683365_F,s01-h2_block12_766661_772482_F,s01-h2_block12_776438_782187_F,s01-h2_block12_786172_791525_F,s01-h2_block12_795180_800611_F,s01-h2_block12_804091_809990_F,s01-h2_block12_813712_819820_F,s18-h1_block19_797640_800304_F,s18-h1_block19_807656_809632_F,s18-h1_block19_816848_819240_F,s18-h1_block19_826268_828718_F,s18-h1_block19_835617_837907_F,s18-h1_block19_844956_847728_F,s17-h2_block20_871943_874575_F,s17-h2_block20_881928_884052_F,s17-h2_block20_891208_893700_F,s17-h2_block20_900646_902925_F,s17-h2_block20_909958_912153_F,s17-h2_block20_919260_921984_F,s13-h1_block1_27851_29675_F,s13-h1_block1_37634_39405_F,s13-h1_block1_56539_58319_F,s13-h1_block1_75332_77115_F,s13-h1_block1_85040_86859_F,s08-h2_block1_11856_16434_F,s08-h2_block1_21258_25172_F,s08-h2_block1_30317_34630_F,s08-h2_block1_39523_44259_F,s08-h2_block1_49012_53698_F,s08-h2_block1_58773_63346_F,s02-h2_block3_34944_38161_F,s02-h2_block3_44354_47782_F,s02-h2_block3_53804_56693_F,s02-h2_block3_63123_66344_F,s02-h2_block3_72129_75506_F,s02-h2_block3_82130_84884_F,s18-h2_block12_675802_678468_F,s18-h2_block12_685771_687796_F,s18-h2_block12_694963_697404_F,s18-h2_block12_704430_706908_F,s18-h2_block12_713732_716071_F,s18-h2_block12_723118_725892_F,s12-h1_block2_12352_17960_F,s12-h1_block2_21834_27404_F,s12-h1_block2_31265_36885_F,s12-h1_block2_40215_46169_F,s12-h1_block2_50179_55429_F,s12-h1_block2_59517_65018_F,s10-h1_block9_647280_652669_F,s10-h1_block9_657085_662631_F,s10-h1_block9_666645_672005_F,s10-h1_block9_675820_681155_F,s10-h1_block9_684952_690297_F,s01-h1_block20_1011311_1017140_F,s01-h1_block20_1021091_1026710_F,s01-h1_block20_1029964_1036046_F,s01-h1_block20_1040048_1045068_F,s01-h1_block20_1049153_1054777_F,s01-h1_block20_1058737_1063950_F,s01-h1_block20_1067532_1073634_F,s01-h1_block20_1077031_1083203_F
s17-h2_block19_869315_871929_F,100.0,88.88,89.65,90.34,88.12,94.06,46.69,47.07,49.37,52.82,51.3,53.91,98.91,87.66,87.1,90.13,87.57,90.14,57.04,58.09,56.19,55.45,56.39,58.39,60.62,64.21,55.73,58.19,98.44,87.68,87.09,89.74,87.59,89.93,53.53,49.63,54.19,52.68,51.41,57.81,57.31,58.11,57.96,58.26,78.27,74.05,73.72,73.13,75.91,74.68,32.78,31.04,30.32,55.1,57.18,55.43,55.43,57.18,55.1,51.78,51.54,50.49,50.8,52.13,51.96,56.69,54.25,56.11,57.27,54.97,58.2,56.6,54.46,50.89,47.89,49.91,55.74,48.3,50.54,55.29,57.39,56.51,57.36,57.98,55.49,55.43,57.18,55.1,43.86,43.54,47.66,43.39,43.8,54.33,54.59,54.69,67.63,64.82,70.37,69.33,63.86,63.34,49.82,56.36,53.34,51.86,53.38,48.8,50.13,54.96,52.39,53.48,54.28,49.25,57.81,58.31,58.22,58.2,57.85,48.62,51.99,50.36,49.32,49.71,50.71,64.8,63.0,65.4,62.36,66.44,69.34,49.82,55.9,53.29,51.59,52.91,48.78,51.9,50.38,51.15,51.49,52.82,52.38,72.17,66.82,70.34,70.22,69.08,67.66,67.25,61.58,73.56,66.09,71.29,62.2,62.41
s17-h2_block19_878606_881831_F,88.88,100.0,92.8,93.98,92.1,90.81,48.37,48.76,51.14,54.76,53.08,55.35,89.84,98.58,90.24,93.98,91.43,91.62,57.06,58.24,54.95,55.32,56.46,58.51,60.72,64.48,55.89,58.12,90.31,98.61,90.22,93.59,91.41,92.1,55.97,60.58,60.2,59.52,59.15,52.0,51.51,52.3,52.15,52.46,78.6,81.4,76.84,77.03,78.73,77.45,34.67,32.82,32.14,49.29,51.37,49.62,57.57,51.37,49.29,47.6,47.3,46.34,46.66,48.01,47.71,50.89,48.45,50.3,51.47,57.82,52.39,55.11,48.9,52.59,49.58,51.72,57.64,50.05,52.36,49.48,51.58,50.71,55.16,58.11,55.36,57.57,51.37,49.29,45.58,45.38,49.58,45.16,45.38,48.52,48.79,48.88,71.74,74.91,71.94,76.39,71.59,69.01,48.87,50.56,51.53,50.21,47.57,46.96,48.98,49.15,50.58,49.77,48.47,46.92,52.0,52.5,52.42,52.39,52.05,44.46,47.66,46.17,45.13,45.49,46.45,60.6,58.77,61.22,58.11,62.26,65.09,48.85,50.09,51.07,49.99,47.73,46.98,53.6,52.08,52.93,53.38,54.56,54.21,76.07,77.88,76.36,77.33,76.81,71.74,74.36,71.94,75.34,76.99,76.03,69.5,68.3
s17-h2_block19_887960_890944_F,89.65,92.8,100.0,95.81,91.27,91.83,47.66,47.45,49.77,53.64,51.78,54.25,90.63,92.27,97.23,96.31,90.98,92.91,59.91,61.36,57.78,58.17,59.88,61.36,63.58,67.62,58.78,61.0,91.1,92.3,97.22,96.17,91.0,93.4,52.48,54.22,61.13,56.23,54.79,54.29,53.8,54.59,54.44,54.75,79.59,78.65,83.82,79.59,80.56,79.43,33.56,31.5,30.92,51.58,53.66,51.91,60.12,53.66,51.58,45.79,45.48,44.39,44.7,46.12,45.97,53.18,50.74,52.59,53.76,60.34,55.36,57.65,51.65,51.87,48.27,50.38,56.53,48.77,51.15,51.77,53.87,53.0,57.93,61.27,58.22,60.12,53.66,51.58,44.29,44.05,48.47,43.87,44.17,50.81,51.08,51.17,68.21,69.66,70.86,72.84,67.26,65.32,46.31,52.85,48.89,48.34,49.86,45.28,46.61,51.44,47.94,49.97,50.76,45.74,54.29,54.79,54.71,54.68,54.34,42.55,45.9,44.26,43.18,43.58,44.66,58.72,56.96,59.31,56.18,60.33,63.31,46.29,52.38,48.43,48.08,49.4,45.26,52.87,50.77,51.55,52.28,53.28,52.99,72.21,71.45,77.4,73.81,72.46,68.22,70.79,66.51,74.27,70.25,74.88,65.81,64.61
s17-h2_block19_897395_900196_F,90.34,93.98,95.81,100.0,91.77,92.79,47.29,47.65,50.03,53.51,51.97,54.45,91.3,92.71,93.83,98.32,91.44,93.42,61.05,62.22,58.93,59.35,60.51,62.48,64.77,68.43,59.89,62.19,91.76,92.74,93.85,98.79,91.46,93.91,52.51,54.67,57.13,58.33,55.27,56.03,55.54,56.33,56.18,56.49,79.96,79.1,79.8,82.75,82.22,79.97,33.44,31.69,31.2,53.32,55.4,53.65,61.52,55.4,53.32,46.58,46.23,45.2,45.49,46.93,46.79,54.92,52.48,54.33,55.5,61.74,56.42,58.97,52.87,51.5,48.47,50.64,56.41,48.96,51.42,53.51,55.61,54.74,59.08,62.09,59.37,61.52,55.4,53.32,44.48,44.22,48.33,44.06,44.44,52.55,52.82,52.91,68.47,70.15,69.01,74.74,67.73,65.84,48.05,54.59,50.63,50.08,51.6,47.02,48.35,53.18,49.68,51.71,52.5,47.48,56.03,56.53,56.45,56.42,56.08,43.34,46.66,45.04,43.98,44.39,45.48,59.53,57.69,60.09,56.98,61.17,64.11,48.03,54.12,50.17,49.81,51.14,47.0,52.52,50.96,51.82,52.15,53.47,53.26,72.61,71.9,73.23,75.87,72.94,68.46,72.69,66.89,72.4,71.15,73.38,65.82,65.1
s17-h2_block19_906323_909695_F,88.12,92.1,91.27,91.77,100.0,90.58,48.66,49.06,51.48,52.75,53.43,55.81,88.92,92.11,92.84,92.57,98.88,94.18,59.45,58.37,57.33,57.73,58.81,60.8,63.05,64.47,58.28,60.43,89.2,92.14,92.83,92.2,98.86,94.4,56.24,57.93,61.11,59.46,63.11,50.6,50.11,50.91,50.76,51.06,82.27,82.35,79.94,79.38,84.96,80.29,32.69,33.19,32.52,47.9,49.98,48.23,61.04,53.84,51.6,44.12,43.96,42.93,43.26,44.55,44.36,49.49,47.05,48.9,50.07,61.23,56.09,57.79,52.04,52.88,49.88,52.09,55.66,50.43,52.74,48.09,50.19,49.31,57.5,58.28,57.77,61.04,53.84,51.6,45.93,45.74,47.57,45.52,45.77,47.13,47.39,47.49,68.59,68.22,67.94,72.33,75.46,68.45,44.07,49.16,46.99,45.29,46.18,42.01,44.17,47.75,46.04,46.28,47.08,42.05,50.6,51.11,51.02,50.99,50.65,41.11,44.37,42.78,41.75,42.09,43.16,57.19,55.41,57.87,54.78,58.82,61.8,44.07,48.69,46.56,45.06,45.71,42.03,53.89,52.37,53.27,51.4,54.95,54.59,77.16,75.16,77.2,77.25,80.78,68.62,70.36,69.49,71.36,69.63,71.7,71.88,68.59
s17-h2_block19_916305_919122_F,94.06,90.81,91.83,92.79,90.58,100.0,47.07,47.35,49.82,53.27,51.79,54.35,94.63,89.58,89.24,92.5,89.99,95.46,57.84,58.9,55.85,56.2,57.11,59.19,61.33,65.0,56.7,58.9,94.47,89.6,89.22,92.15,90.01,94.99,51.91,51.53,56.48,55.17,53.84,55.88,55.38,56.18,56.03,56.33,78.02,75.94,75.89,75.63,77.64,79.12,33.22,31.52,30.75,53.17,55.25,53.5,57.07,55.25,53.17,49.42,49.2,48.19,48.56,49.78,49.7,54.77,52.32,54.18,55.35,57.27,56.27,54.67,52.53,51.28,48.17,50.42,56.19,48.81,50.97,53.36,55.46,54.59,55.89,58.78,56.25,57.07,55.25,53.17,44.12,43.97,48.1,43.88,44.21,52.4,52.67,52.76,68.08,66.82,72.53,71.72,66.28,68.62,47.9,54.43,50.85,49.93,51.45,46.87,48.2,53.03,49.9,51.55,52.35,47.32,55.88,56.38,56.3,56.27,55.93,46.39,49.65,48.1,47.04,47.44,48.49,62.51,60.67,63.17,60.09,64.03,67.14,47.88,53.97,50.98,49.66,50.98,46.85,52.28,50.63,51.61,51.93,53.32,52.82,71.67,68.77,72.62,72.72,71.51,68.08,69.69,63.62,75.8,67.98,73.41,64.08,67.54
s17-h1_block2_35970_42098_F,46.69,48.37,47.66,47.29,48.66,47.07,100.0,88.46,88.65,81.96,85.62,84.25,46.51,48.85,48.45,47.77,48.79,48.42,58.08,57.16,58.34,59.31,67.75,60.3,60.93,57.63,60.61,62.68,46.37,48.85,48.43,47.59,48.78,48.33,36.38,36.92,45.7,39.53,37.97,44.62,38.28,26.38,26.43,26.24,49.76,49.24,48.74,48.05,50.17,48.18,70.59,69.95,72.06,23.5,25.58,32.46,45.37,40.87,37.83,60.61,55.69,54.23,53.3,57.93,57.29,26.02,30.05,26.35,25.55,45.1,43.06,43.44,38.29,95.59,89.05,88.28,82.5,88.76,86.38,23.69,25.79,30.58,57.44,56.95,59.11,45.37,40.87,37.81,67.04,66.49,64.01,66.87,66.37,26.61,29.88,27.99,35.79,34.45,40.37,39.29,37.55,34.73,28.89,31.01,36.27,30.94,29.17,27.7,29.16,29.8,34.41,31.02,29.38,27.74,26.67,32.83,27.84,27.55,28.07,50.6,52.33,51.82,51.76,52.05,52.93,70.58,66.25,66.01,63.9,69.55,64.76,28.91,31.17,36.34,30.7,29.3,27.68,94.09,88.26,87.62,85.97,85.07,84.71,50.03,51.66,52.29,50.09,48.89,35.82,37.42,36.26,43.71,35.31,39.82,34.87,35.01
s17-h1_block2_45791_51714_F,47.07,48.76,47.45,47.65,49.06,47.35,88.46,100.0,88.66,82.86,88.17,83.43,46.84,49.04,48.23,47.89,49.14,48.7,60.09,55.14,56.87,57.83,62.12,64.49,63.02,57.73,58.96,63.19,46.73,49.05,48.21,47.71,49.13,48.6,36.34,36.71,44.65,39.35,37.89,43.2,36.69,31.47,30.69,31.29,47.9,47.14,46.29,45.92,48.29,46.24,69.86,75.08,72.22,28.59,30.97,37.44,45.07,40.54,38.1,60.59,63.41,58.48,56.9,64.04,61.0,29.9,33.58,30.09,29.14,44.81,42.54,43.12,38.5,84.84,99.13,87.81,81.8,87.85,85.7,28.78,31.17,35.68,58.48,54.99,57.65,45.07,40.54,38.1,75.97,70.81,66.77,72.91,70.11,30.56,33.41,31.83,37.92,36.42,42.3,41.34,39.66,37.21,32.82,34.87,39.8,34.74,32.88,32.17,33.17,33.66,37.93,34.87,33.12,31.89,31.79,36.56,33.39,33.0,33.16,55.9,60.09,56.99,57.19,57.99,57.95,69.25,73.9,67.87,68.42,72.21,65.81,32.84,35.01,39.87,34.51,32.99,32.15,86.05,91.85,88.37,81.95,87.27,81.87,48.18,49.69,49.88,48.0,47.0,37.99,39.45,38.15,45.63,37.56,42.0,36.74,37.49
s17-h1_block2_54851_60664_F,49.37,51.14,49.77,50.03,51.48,49.82,88.65,88.66,100.0,81.42,90.21,88.3,49.18,51.46,50.55,50.25,51.53,51.12,63.29,56.17,59.08,60.63,63.25,62.74,67.45,58.4,61.65,66.65,49.04,51.46,50.53,50.05,51.53,50.99,36.51,36.93,45.16,39.61,38.23,45.6,38.6,27.71,27.65,27.86,50.78,49.97,49.07,48.73,51.15,49.19,67.4,71.97,69.81,24.88,26.96,33.81,46.67,42.04,39.6,58.21,56.56,57.85,54.5,60.42,58.08,28.14,32.27,28.43,27.49,46.43,44.07,44.69,40.03,87.04,89.29,98.29,83.66,91.11,88.05,25.07,27.17,32.06,58.93,56.02,60.13,46.67,42.04,39.61,67.33,70.4,63.78,70.02,66.63,28.77,32.09,30.21,37.62,36.14,42.42,41.19,39.46,36.69,31.22,33.26,38.6,33.22,31.34,29.95,31.47,32.03,36.7,33.27,31.5,29.98,28.1,33.46,28.92,28.87,29.43,53.67,53.48,54.78,53.63,54.44,54.28,68.97,67.12,70.77,65.94,73.63,67.47,31.23,33.37,38.69,32.98,31.45,29.93,88.45,87.64,97.92,84.51,89.52,84.11,51.18,52.61,52.74,50.95,50.02,37.66,39.33,37.88,45.76,37.31,41.87,36.49,36.97
s17-h1_block2_64458_70268_F,52.82,54.76,53.64,53.51,52.75,53.27,81.96,82.86,81.42,100.0,83.55,75.75,52.63,54.69,52.22,53.33,52.8,52.92,50.84,56.54,47.99,48.8,53.97,53.93,57.21,67.21,50.29,54.35,52.49,54.7,52.2,53.14,52.79,52.74,36.81,37.45,46.68,40.1,38.59,38.74,32.69,30.88,30.11,30.87,48.42,47.85,47.7,46.69,48.94,46.89,79.61,65.64,64.18,28.08,30.22,37.23,40.9,36.72,34.25,62.2,60.27,59.06,64.94,63.34,62.12,30.6,34.89,31.1,30.08,40.66,38.34,39.0,34.26,78.49,83.65,80.42,94.53,78.93,78.81,28.26,30.42,35.55,47.85,56.27,48.59,40.91,36.72,34.25,67.4,67.45,81.24,67.71,67.26,31.28,34.71,32.86,43.44,42.51,49.12,47.0,43.39,41.15,33.83,35.89,41.5,35.77,34.14,32.77,34.17,34.69,39.59,35.88,34.35,32.81,31.78,36.39,32.53,32.79,33.09,55.13,56.76,56.22,61.87,57.68,57.6,71.44,70.8,69.07,73.85,73.38,67.42,33.85,36.06,41.61,35.53,34.32,32.75,80.22,77.8,82.54,91.74,80.01,75.08,49.02,50.66,51.57,48.85,47.78,43.43,45.03,42.03,52.48,43.57,48.22,40.87,41.17
s17-h1_block2_74066_79472_F,51.3,53.08,51.78,51.97,53.43,51.79,85.62,88.17,90.21,83.55,100.0,84.22,51.11,53.38,52.56,52.17,53.5,53.1,60.94,55.17,59.48,58.8,62.54,62.82,67.0,61.18,63.19,64.13,50.98,53.39,52.54,51.98,53.49,52.96,35.97,36.34,45.29,38.96,37.65,44.03,37.85,31.58,31.43,31.73,50.21,49.4,49.14,48.14,50.6,48.57,64.65,74.77,67.16,28.57,30.65,37.9,48.05,43.38,40.93,60.56,60.4,58.19,57.35,67.28,60.62,32.15,36.19,32.41,31.53,47.8,45.39,45.98,41.32,83.82,88.99,89.35,84.3,94.89,85.05,28.76,30.86,36.23,57.74,54.96,58.61,48.06,43.38,40.94,70.77,69.84,65.69,78.69,69.12,32.72,36.02,34.08,39.72,38.14,44.53,43.05,41.47,38.76,35.09,37.12,42.51,37.07,35.27,33.84,35.36,35.9,40.63,37.12,35.43,33.87,32.0,37.75,32.98,33.16,33.65,56.18,57.65,57.33,57.87,60.72,58.45,72.05,70.98,73.28,70.19,80.61,70.43,35.11,37.26,42.58,36.83,35.37,33.82,85.15,86.09,91.47,81.34,95.54,81.24,50.59,51.89,52.86,50.28,49.4,39.74,41.2,39.85,47.86,39.23,43.88,38.56,38.97
s17-h1_block2_83394_88710_F,53.91,55.35,54.25,54.45,55.81,54.35,84.25,83.43,88.3,75.75,84.22,100.0,53.63,55.66,55.03,54.65,55.88,55.55,66.14,61.28,64.35,68.11,68.37,66.83,69.43,62.56,66.63,74.51,53.54,55.67,55.01,54.48,55.86,55.45,35.36,35.65,43.69,38.42,37.15,50.59,44.1,32.43,32.28,32.59,55.58,54.87,54.07,53.74,56.04,54.09,62.63,66.14,70.38,29.42,31.5,29.75,51.72,47.32,44.88,54.07,52.47,50.34,49.44,54.86,56.75,31.02,30.66,30.43,31.6,51.46,49.34,49.81,45.33,88.45,84.03,89.2,80.89,87.04,90.22,29.61,31.71,30.84,64.06,61.11,67.47,51.72,47.32,44.89,62.79,61.68,58.24,63.96,65.89,28.65,30.48,29.01,35.9,34.29,40.52,39.42,37.88,35.09,29.96,31.93,36.82,31.81,30.28,28.59,30.22,30.72,34.95,31.96,30.48,28.66,32.13,32.63,32.55,32.52,32.18,47.34,49.34,48.4,48.79,49.41,52.66,64.93,63.05,64.34,61.12,68.34,71.77,29.98,32.07,36.88,31.57,30.38,28.59,88.72,88.46,87.42,81.36,88.29,92.45,55.66,52.81,57.64,55.74,54.7,35.96,37.51,36.05,43.85,35.47,40.12,35.0,35.35
s18-h1_block18_794988_797571_F,98.91,89.84,90.63,91.3,88.92,94.63,46.51,46.84,49.18,52.63,51.11,53.63,100.0,88.62,88.08,91.08,88.41,91.1,57.57,58.65,56.49,55.95,56.95,58.93,61.15,64.77,56.27,58.69,99.53,88.64,88.06,90.69,88.43,90.89,53.22,50.59,54.11,52.92,52.25,58.1,57.61,58.41,58.25,58.56,79.3,75.01,74.7,74.08,76.85,75.64,32.58,30.87,30.1,55.39,57.47,55.73,55.73,57.47,55.39,51.34,51.09,50.06,50.34,51.7,51.48,56.99,54.55,56.4,57.57,55.91,58.49,56.89,54.76,50.71,47.66,49.72,55.54,48.12,50.32,55.58,57.68,56.81,57.65,58.54,55.99,55.73,57.47,55.39,43.62,43.37,47.46,43.2,43.54,54.62,54.89,54.98,67.36,65.78,70.29,69.59,64.7,63.52,50.12,56.66,52.7,52.15,53.67,49.09,50.42,55.25,51.75,53.78,54.58,49.55,58.1,58.6,58.52,58.49,58.15,48.19,51.53,49.93,48.86,49.26,50.24,64.34,62.55,64.97,61.9,66.01,68.86,50.1,56.19,52.52,51.89,53.21,49.07,51.72,50.17,50.96,51.29,52.64,52.16,72.33,67.78,70.26,70.46,69.91,67.39,67.52,62.54,73.5,67.05,71.58,62.77,62.59
s18-h1_block18_804226_807579_F,87.66,98.58,92.27,92.71,92.11,89.58,48.85,49.04,51.46,54.69,53.38,55.66,88.62,100.0,90.59,93.4,91.44,91.42,56.94,57.75,54.83,55.19,56.5,58.39,60.61,63.97,55.77,58.01,89.08,99.97,90.57,93.01,91.42,91.91,56.15,61.86,61.16,59.62,59.81,50.78,50.29,51.09,50.94,51.24,78.54,81.94,77.19,76.47,78.71,77.37,34.6,33.1,32.41,48.08,50.16,48.41,57.52,50.16,48.08,46.81,46.49,45.54,45.87,47.21,46.92,49.67,47.23,49.08,50.25,57.76,52.89,55.05,48.74,53.06,49.86,52.04,57.57,50.36,52.63,48.27,50.37,49.49,55.03,57.62,55.24,57.52,50.16,48.08,45.82,45.64,49.51,45.46,45.64,47.31,47.57,47.67,71.91,75.01,71.38,76.36,72.2,69.5,48.28,49.34,50.96,49.65,46.73,46.43,48.38,47.93,50.01,49.2,47.26,46.38,50.78,51.29,51.2,51.17,50.83,43.68,46.85,45.38,44.34,44.69,45.64,59.81,57.95,60.43,57.32,61.47,64.28,48.26,48.87,50.5,49.43,47.17,46.45,54.07,52.36,53.25,53.31,54.86,54.47,76.63,78.94,77.31,77.43,77.48,71.94,74.47,72.67,74.78,76.77,75.49,69.6,68.77
s18-h1_block18_813430_816620_F,87.1,90.24,97.23,93.83,92.84,89.24,48.45,48.23,50.55,52.22,52.56,55.03,88.08,90.59,100.0,94.25,92.56,92.95,61.14,60.4,59.03,59.42,61.14,62.63,64.83,66.66,60.03,62.26,88.55,90.62,99.98,94.67,92.58,93.44,53.7,55.96,63.06,57.34,56.38,52.33,51.84,52.64,52.49,52.79,81.14,80.39,85.92,81.26,82.75,80.21,32.14,32.28,31.68,49.62,51.71,49.96,62.25,55.12,52.98,43.38,43.05,41.97,42.27,43.69,43.52,51.22,48.78,50.63,51.8,62.46,57.67,59.06,53.6,52.66,49.04,51.16,55.11,49.55,51.91,49.81,51.91,51.04,59.18,60.31,59.47,62.25,55.12,52.98,45.07,44.83,47.04,44.65,44.94,48.85,49.12,49.22,66.21,67.39,68.27,70.51,68.8,65.53,44.35,50.89,46.94,46.38,47.9,43.32,44.65,49.48,45.98,48.01,48.81,43.78,52.33,52.84,52.75,52.72,52.38,40.14,43.49,41.83,40.75,41.15,42.23,56.31,54.53,56.88,53.75,57.89,60.87,44.33,50.42,46.47,46.12,47.44,43.31,53.67,51.56,52.33,50.85,54.06,53.75,73.76,73.15,79.17,74.92,74.04,66.28,68.58,68.28,71.67,67.71,72.36,66.84,65.36
s18-h1_block18_823034_826004_F,90.13,93.98,96.31,98.32,92.57,92.5,47.77,47.89,50.25,53.33,52.17,54.65,91.08,93.4,94.25,100.0,92.24,93.99,60.19,60.97,58.1,58.51,59.94,61.65,63.92,67.19,59.06,61.35,91.54,93.42,94.23,99.52,92.26,94.48,53.54,55.54,58.3,59.8,56.07,54.42,53.93,54.73,54.58,54.88,80.74,79.98,80.86,82.78,81.7,80.48,33.26,31.96,31.45,51.72,53.8,52.05,60.91,53.99,51.91,46.0,45.7,44.66,44.95,46.36,46.22,53.31,50.87,52.72,53.89,61.12,55.68,58.16,52.0,51.98,48.7,50.83,56.23,49.18,51.67,51.91,54.01,53.13,58.24,60.85,58.53,60.91,53.99,51.91,44.77,44.46,48.16,44.27,44.68,50.95,51.21,51.31,69.3,71.1,68.74,76.02,68.5,66.41,46.44,52.98,49.03,48.47,50.0,45.41,46.75,51.57,48.08,50.1,50.9,45.87,54.42,54.93,54.84,54.81,54.47,42.78,46.12,44.51,43.44,43.84,44.91,58.95,57.16,59.55,56.45,60.6,63.54,46.42,52.51,48.56,48.21,49.53,45.4,52.99,51.2,52.04,51.97,53.69,53.51,73.39,72.77,74.44,77.34,73.73,69.31,74.14,68.21,72.13,71.45,73.25,67.2,65.67
s18-h1_block18_831984_835390_F,87.57,91.43,90.98,91.44,98.88,89.99,48.79,49.14,51.53,52.8,53.5,55.88,88.41,91.44,92.56,92.24,100.0,93.62,60.05,58.95,57.92,58.33,59.45,61.39,63.64,65.05,58.88,61.03,88.87,91.47,92.54,91.87,99.98,94.09,56.52,58.6,61.44,59.85,63.79,50.28,49.79,50.58,50.43,50.74,83.2,83.02,80.92,80.4,86.0,81.27,32.75,33.31,32.67,47.57,49.65,47.9,61.94,54.87,52.49,43.31,43.12,42.07,42.41,43.7,43.55,49.17,46.73,48.58,49.75,62.13,57.11,58.77,52.93,53.01,49.96,52.15,55.72,50.51,52.89,47.76,49.86,48.99,58.08,58.86,58.37,61.94,54.87,52.49,46.01,45.79,46.91,45.6,45.89,46.8,47.07,47.16,67.63,67.56,67.0,71.37,76.13,67.48,43.35,48.84,46.24,44.58,45.85,41.31,43.46,47.43,45.29,45.96,46.75,41.73,50.28,50.78,50.7,50.67,50.33,40.25,43.52,41.93,40.9,41.25,42.34,56.37,54.58,57.03,53.92,57.98,60.99,43.35,48.37,45.78,44.35,45.39,41.33,54.02,52.45,53.34,51.46,55.02,54.74,77.51,75.83,77.53,77.64,81.47,67.66,69.41,70.17,70.42,68.95,70.79,72.01,68.15
s18-h1_block18_841600_844804_F,90.14,91.62,92.91,93.42,94.18,95.46,48.42,48.7,51.12,52.92,53.1,55.55,91.1,91.42,92.95,93.99,93.62,100.0,59.5,58.86,57.5,57.78,58.94,60.88,63.09,65.06,58.38,60.57,90.95,91.45,92.93,93.64,93.64,99.46,55.03,55.18,59.65,58.16,57.46,52.2,51.71,52.5,52.35,52.66,81.74,79.59,79.61,78.91,81.27,83.37,32.86,32.82,32.23,49.49,51.57,49.82,60.59,53.37,51.29,45.4,45.08,44.06,44.46,45.74,45.64,51.09,48.65,50.5,51.67,60.8,55.43,58.78,51.6,52.64,49.52,51.72,55.83,50.12,52.46,49.68,51.78,50.91,57.58,58.75,57.83,60.59,53.37,51.29,45.48,45.27,47.74,45.2,45.47,48.72,48.99,49.08,69.35,68.24,68.43,72.79,69.89,72.29,44.22,50.76,46.8,46.25,47.77,43.19,44.52,49.35,45.85,47.88,48.67,43.65,52.2,52.7,52.62,52.59,52.25,42.27,45.52,43.98,42.94,43.3,44.34,58.4,56.55,59.04,55.98,59.99,62.99,44.2,50.29,46.75,45.98,47.31,43.17,53.63,51.99,52.9,51.57,54.63,54.3,75.24,72.42,75.77,75.7,75.14,69.42,70.85,67.4,71.79,69.04,72.28,67.31,71.22
s10-h2_block2_28030_29993_F,57.04,57.06,59.91,61.05,59.45,57.84,58.08,60.09,63.29,50.84,60.94,66.14,57.57,56.94,61.14,60.19,60.05,59.5,100.0,90.37,95.18,95.9,90.01,94.75,92.07,83.57,94.11,91.51,58.03,56.96,61.16,60.66,60.07,59.98,32.06,33.84,36.25,34.91,35.08,81.64,74.79,64.3,64.15,64.45,59.62,58.22,58.94,59.91,62.43,59.04,36.26,43.5,40.63,61.28,63.37,61.62,82.96,78.36,75.86,30.69,35.8,33.55,35.01,32.92,32.02,62.88,60.44,62.29,63.46,82.72,80.39,81.02,76.29,62.28,60.72,63.98,55.98,62.42,60.86,61.47,63.58,62.7,95.04,90.66,96.19,82.96,78.36,75.87,39.53,39.33,33.23,40.5,38.0,60.52,60.78,60.88,33.07,33.53,33.75,36.55,36.58,32.05,56.01,62.55,58.6,58.04,59.56,54.98,56.31,61.14,57.65,59.67,60.47,55.44,63.99,64.5,64.41,64.38,64.04,37.82,44.13,40.34,36.32,36.8,37.87,50.76,48.75,53.87,50.72,49.24,55.16,55.99,62.08,58.13,57.78,59.1,54.97,62.91,63.75,63.05,54.97,65.09,62.7,52.28,51.01,52.36,52.45,52.73,33.01,34.87,35.21,37.08,34.51,37.32,33.65,32.46
s10-h2_block2_37094_39323_F,58.09,58.24,61.36,62.22,58.37,58.9,57.16,55.14,56.17,56.54,55.17,61.28,58.65,57.75,60.4,60.97,58.95,58.86,90.37,100.0,90.93,91.69,89.03,89.79,84.51,89.26,91.55,86.33,59.12,57.77,60.42,61.44,58.97,59.35,32.81,34.7,37.35,35.93,35.81,81.67,75.58,61.77,61.62,61.92,60.29,59.08,60.04,60.93,63.22,59.82,45.87,38.73,38.99,58.76,60.84,59.09,80.03,75.91,73.0,28.17,33.27,31.02,32.48,30.39,29.49,60.35,57.91,59.76,60.93,79.79,77.53,78.2,72.98,61.48,55.72,57.46,61.8,59.59,56.9,58.95,61.05,60.17,90.18,99.62,91.49,80.04,75.91,72.98,34.6,33.84,38.1,34.67,33.25,57.99,58.25,58.35,33.91,34.68,35.09,37.57,35.47,31.26,53.48,60.02,56.07,55.52,57.04,52.46,53.79,58.61,55.12,57.14,57.94,52.91,61.47,61.97,61.88,61.85,61.51,35.29,41.6,37.81,33.79,34.27,35.34,48.23,46.22,51.34,48.19,46.71,52.63,53.46,59.56,55.6,55.25,56.57,52.44,59.47,62.3,55.45,64.58,59.13,61.06,52.9,51.87,53.45,53.47,53.46,33.76,35.8,34.13,38.44,35.7,38.7,32.79,31.49
s10-h2_block2_46801_48795_F,56.19,54.95,57.78,58.93,57.33,55.85,58.34,56.87,59.08,47.99,59.48,64.35,56.49,54.83,59.03,58.1,57.92,57.5,95.18,90.93,100.0,95.98,90.34,91.49,87.32,80.69,96.24,89.36,56.95,54.85,59.05,58.57,57.94,57.99,32.05,33.72,36.15,34.74,34.89,84.26,78.14,64.0,63.85,64.15,59.58,58.09,58.84,59.74,62.48,58.97,36.82,41.94,41.07,60.99,63.07,61.32,83.72,80.06,77.1,30.4,35.5,33.25,34.71,32.62,31.72,62.59,60.14,62.0,63.17,83.26,82.07,82.66,77.47,62.66,57.47,60.47,53.13,64.22,58.96,61.18,63.28,62.41,96.9,91.26,96.64,83.73,80.06,77.09,36.62,35.7,30.18,38.36,35.26,60.22,60.49,60.58,31.06,31.42,31.63,34.46,34.47,30.05,55.72,62.25,58.3,57.75,59.27,54.69,56.02,60.85,57.35,59.37,60.17,55.15,63.7,64.2,64.12,64.09,63.75,37.53,43.84,40.05,36.03,36.5,37.57,50.46,48.46,53.58,50.42,48.94,54.86,55.7,61.79,57.84,57.48,58.8,54.67,60.76,63.9,58.3,55.54,63.58,63.14,52.24,50.88,52.29,52.28,52.54,31.02,32.78,33.08,34.97,32.39,35.24,31.55,30.48
s10-h2_block2_56423_58610_F,55.45,55.32,58.17,59.35,57.73,56.2,59.31,57.83,60.63,48.8,58.8,68.11,55.95,55.19,59.42,58.51,58.33,57.78,95.9,91.69,95.98,100.0,91.28,92.49,88.81,81.53,95.26,93.21,56.42,55.21,59.44,58.98,58.35,58.26,32.26,34.07,36.42,35.16,35.27,82.29,75.75,62.17,62.02,62.32,59.82,58.45,59.1,60.15,62.67,59.21,37.58,41.56,43.54,59.16,61.24,59.49,82.66,78.21,75.21,28.57,33.67,31.42,32.88,30.79,29.89,60.75,58.31,60.16,61.33,82.39,80.22,80.68,75.64,63.64,58.42,61.84,53.95,63.35,61.33,59.35,61.45,60.57,94.87,91.95,99.29,82.66,78.21,75.21,37.72,36.75,31.31,38.52,37.0,58.39,58.65,58.75,31.31,31.77,32.11,34.88,34.86,30.31,53.88,60.42,56.47,55.92,57.44,52.86,54.19,59.01,55.52,57.54,58.34,53.31,61.86,62.37,62.28,62.25,61.91,35.69,42.0,38.21,34.19,34.67,35.74,48.63,46.62,51.74,48.59,47.11,53.03,53.86,59.95,56.0,55.65,56.97,52.84,61.63,64.81,59.79,56.3,62.9,65.61,52.49,51.24,52.51,52.69,52.92,31.25,33.18,33.51,35.44,32.77,35.55,31.93,30.78
s02-h2_block2_32021_34777_F,56.39,56.46,59.88,60.51,58.81,57.11,67.75,62.12,63.25,53.97,62.54,68.37,56.95,56.5,61.14,59.94,59.45,58.94,90.01,89.03,90.34,91.28,100.0,92.25,91.71,86.7,92.62,93.41,57.42,56.52,61.16,60.41,59.47,59.42,33.59,35.52,38.55,36.7,36.43,76.52,70.24,56.76,56.61,56.91,60.95,59.89,60.99,61.68,63.8,60.45,42.57,45.34,45.32,53.75,55.83,54.08,77.42,72.93,69.86,30.98,30.38,27.54,27.47,33.07,30.63,55.35,52.9,54.76,55.93,77.15,75.11,75.52,70.31,71.95,62.72,64.48,59.11,66.75,63.27,53.94,56.04,55.16,89.37,88.82,91.08,77.42,72.93,69.84,41.47,40.41,36.18,42.01,39.71,52.98,53.25,53.34,32.67,33.18,33.17,36.29,35.98,31.48,48.47,55.01,51.06,50.51,52.03,47.45,48.78,53.61,50.11,52.13,52.93,47.9,56.46,56.96,56.88,56.85,56.5,30.29,36.6,32.8,28.78,29.26,30.33,43.22,41.21,46.34,43.18,46.51,47.62,48.46,54.55,50.59,50.24,51.56,47.43,70.27,68.93,62.7,61.28,66.54,67.39,53.58,52.68,54.4,54.23,54.09,32.61,34.63,35.0,36.5,33.9,36.79,33.28,31.91
s02-h2_block2_41867_44088_F,58.39,58.51,61.36,62.48,60.8,59.19,60.3,64.49,62.74,53.93,62.82,66.83,58.93,58.39,62.63,61.65,61.39,60.88,94.75,89.79,91.49,92.49,92.25,100.0,92.54,86.65,93.6,92.17,59.39,58.41,62.65,62.11,61.41,61.36,32.79,34.71,37.17,35.8,35.78,77.85,71.34,61.85,61.69,62.0,60.33,59.09,59.85,60.78,63.19,59.76,38.66,44.47,41.9,58.83,60.91,59.17,79.87,75.35,72.89,31.28,33.35,31.09,32.56,33.49,31.2,60.43,57.99,59.84,61.01,79.61,77.35,77.9,73.29,64.5,65.33,63.53,59.06,63.17,62.12,59.02,61.12,60.25,92.83,89.65,92.32,79.87,75.35,72.89,43.13,40.78,36.16,42.33,40.29,58.06,58.33,58.42,34.44,34.96,35.14,38.0,37.91,33.41,53.56,60.1,56.14,55.59,57.11,52.53,53.86,58.69,55.19,57.22,58.02,52.99,61.54,62.05,61.96,61.93,61.59,35.37,41.68,37.89,33.87,34.34,35.42,48.3,46.3,51.42,48.27,46.91,52.7,53.54,59.63,55.68,55.33,56.65,52.51,65.13,68.16,63.49,57.37,66.78,63.96,52.94,51.89,53.25,53.33,53.44,34.38,36.33,36.68,38.48,35.96,38.76,35.03,33.86
s02-h2_block2_51118_53526_F,60.62,60.72,63.58,64.77,63.05,61.33,60.93,63.02,67.45,57.21,67.0,69.43,61.15,60.61,64.83,63.92,63.64,63.09,92.07,84.51,87.32,88.81,91.71,92.54,100.0,89.92,89.87,94.68,61.62,60.63,64.85,64.38,63.66,63.58,33.56,35.44,38.36,36.56,36.58,73.72,66.97,60.07,59.92,60.22,61.11,59.82,61.04,61.54,63.93,60.51,39.16,45.18,42.58,57.06,59.14,57.39,76.64,72.06,69.57,35.21,34.41,32.17,30.78,37.06,35.03,58.65,56.21,58.06,59.23,76.4,74.09,74.67,70.01,65.13,63.87,68.18,62.13,64.83,62.81,57.25,59.35,58.47,87.39,84.35,88.29,76.64,72.06,69.58,44.81,45.26,39.6,46.56,43.58,56.29,56.55,56.65,36.68,37.18,37.43,40.29,40.17,35.64,51.78,58.32,54.37,53.82,55.34,50.76,52.09,56.91,53.42,55.44,56.24,51.21,59.76,60.27,60.18,60.15,59.81,33.59,39.9,36.11,32.09,32.57,33.64,46.53,44.99,49.64,46.49,50.48,50.93,51.76,57.85,53.9,53.55,54.87,50.74,65.76,66.42,69.39,57.87,69.35,64.65,53.75,52.62,54.45,54.09,54.23,36.63,38.6,38.9,40.77,38.16,41.01,37.24,36.07
s02-h2_block2_60440_62856_F,64.21,64.48,67.62,68.43,64.47,65.0,57.63,57.73,58.4,67.21,61.18,62.56,64.77,63.97,66.66,67.19,65.05,65.06,83.57,89.26,80.69,81.53,86.7,86.65,89.92,100.0,82.99,87.06,65.24,63.99,66.68,67.65,65.07,65.54,34.14,36.12,39.36,37.38,37.13,71.47,65.38,59.99,59.84,60.14,61.62,60.51,62.04,62.37,64.53,61.12,47.56,40.07,38.47,56.98,59.06,57.31,73.51,69.32,66.86,36.65,34.54,32.74,32.42,37.14,35.95,58.58,56.13,57.99,59.16,73.26,70.95,71.6,66.87,61.83,58.54,59.2,70.53,58.11,58.69,57.17,59.27,58.4,80.55,89.01,81.3,73.52,69.32,66.86,41.33,41.47,48.7,41.43,41.08,56.21,56.48,56.57,40.1,40.89,41.33,43.79,41.59,37.45,51.71,58.24,54.29,53.74,55.26,50.68,52.01,56.84,53.34,55.36,56.16,51.14,59.69,60.19,60.11,60.08,59.74,33.52,39.83,36.04,32.02,32.49,33.56,46.45,45.08,49.57,46.41,50.6,50.85,51.69,57.78,53.82,53.47,54.79,50.66,62.93,61.14,60.22,66.27,62.63,60.53,54.24,53.31,55.46,54.92,54.78,39.99,42.02,40.38,44.7,41.91,44.98,38.94,37.7
s02-h2_block2_69679_72063_F,55.73,55.89,58.78,59.89,58.28,56.7,60.61,58.96,61.65,50.29,63.19,66.63,56.27,55.77,60.03,59.06,58.88,58.38,94.11,91.55,96.24,95.26,92.62,93.6,89.87,82.99,100.0,91.63,56.73,55.79,60.05,59.53,58.9,58.86,32.82,34.67,37.14,35.71,35.84,80.53,74.41,60.3,60.14,60.45,60.35,59.04,59.84,60.71,63.22,59.85,39.12,43.76,42.61,57.28,59.37,57.62,81.0,76.37,73.39,28.39,31.8,29.54,31.01,30.67,28.33,58.88,56.44,58.29,59.46,80.76,78.37,78.96,73.76,64.93,59.56,63.01,55.43,67.88,60.5,57.47,59.57,58.7,93.17,91.38,95.09,81.01,76.37,73.38,38.3,37.43,32.51,42.09,36.82,56.51,56.78,56.88,31.9,32.35,32.63,35.41,35.41,30.92,52.01,58.55,54.59,54.04,55.56,50.98,52.31,57.14,53.64,55.67,56.47,51.44,59.99,60.5,60.41,60.38,60.04,33.82,40.13,36.34,32.32,32.79,33.87,46.75,44.75,49.87,46.72,45.23,51.15,51.99,58.08,54.13,53.78,55.1,50.96,63.03,66.01,60.87,57.84,67.23,64.68,52.98,51.83,53.26,53.25,53.49,31.85,33.74,34.03,35.98,33.32,36.24,32.49,31.35
s02-h2_block2_79423_82071_F,58.19,58.12,61.0,62.19,60.43,58.9,62.68,63.19,66.65,54.35,64.13,74.51,58.69,58.01,62.26,61.35,61.03,60.57,91.51,86.33,89.36,93.21,93.41,92.17,94.68,87.06,91.63,100.0,59.16,58.03,62.28,61.82,61.05,61.06,33.62,35.53,37.96,36.7,36.62,75.61,69.13,57.79,57.64,57.94,61.13,59.92,60.64,61.7,63.99,60.59,40.93,46.15,46.57,54.78,56.86,55.11,76.89,72.47,69.99,32.93,32.22,29.61,28.5,34.82,33.22,56.37,53.93,55.78,56.95,76.62,74.5,74.94,70.44,66.88,63.79,67.86,59.51,66.64,66.72,54.97,57.07,56.19,89.09,86.16,92.54,76.89,72.47,70.0,42.24,41.29,36.87,43.85,42.38,54.01,54.27,54.37,34.1,34.57,34.96,37.73,37.56,33.11,49.5,56.04,52.09,51.53,53.06,48.47,49.81,54.63,51.14,53.16,53.96,48.93,57.48,57.99,57.9,57.87,57.53,31.31,37.62,33.83,29.81,30.29,31.36,44.25,42.82,47.36,44.21,48.29,48.65,49.48,55.57,51.62,51.27,52.59,48.46,67.19,67.98,65.81,59.64,68.23,68.64,53.78,52.71,54.04,54.23,54.28,34.04,36.04,36.34,38.28,35.57,38.4,34.66,33.57
s18-h2_block11_673152_675686_F,98.44,90.31,91.1,91.76,89.2,94.47,46.37,46.73,49.04,52.49,50.98,53.54,99.53,89.08,88.55,91.54,88.87,90.95,58.03,59.12,56.95,56.42,57.42,59.39,61.62,65.24,56.73,59.16,100.0,89.11,88.53,91.15,88.89,91.35,52.75,51.06,53.97,52.79,52.71,58.57,58.07,58.87,58.72,59.02,79.77,75.47,75.17,74.54,77.32,76.11,32.44,30.75,30.03,55.86,57.94,56.19,56.19,57.94,55.86,51.27,50.99,49.96,50.2,51.57,51.41,57.46,55.01,56.87,58.03,56.37,58.96,57.36,55.22,50.57,47.54,49.59,55.41,48.0,50.25,56.05,58.15,57.27,58.12,59.0,56.46,56.19,57.94,55.86,43.52,43.27,47.32,43.08,43.48,55.09,55.35,55.45,66.92,66.25,70.15,69.46,65.16,63.36,50.58,57.12,53.17,52.62,54.14,49.56,50.89,55.72,52.22,54.24,55.04,50.01,58.57,59.07,58.99,58.96,58.61,48.09,51.43,49.82,48.73,49.15,50.18,64.27,62.45,64.87,61.77,65.88,68.79,50.57,56.66,52.7,52.35,53.67,49.54,51.58,50.05,50.83,51.15,52.51,52.1,72.48,68.24,70.11,70.33,70.38,66.95,67.39,63.0,73.35,67.52,71.44,63.23,62.64
s18-h2_block11_682390_685741_F,87.68,98.61,92.3,92.74,92.14,89.6,48.85,49.05,51.46,54.7,53.39,55.67,88.64,99.97,90.62,93.42,91.47,91.45,56.96,57.77,54.85,55.21,56.52,58.41,60.63,63.99,55.79,58.03,89.11,100.0,90.6,93.03,91.45,91.94,56.14,61.85,61.15,59.61,59.8,50.8,50.31,51.11,50.96,51.26,78.57,81.97,77.22,76.5,78.74,77.4,34.61,33.11,32.41,48.09,50.18,48.43,57.54,50.18,48.09,46.82,46.5,45.54,45.88,47.22,46.93,49.69,47.25,49.1,50.27,57.78,52.91,55.07,48.76,53.07,49.87,52.04,57.58,50.37,52.64,48.28,50.38,49.51,55.05,57.64,55.26,57.54,50.18,48.09,45.83,45.64,49.52,45.47,45.65,47.32,47.59,47.69,71.9,75.0,71.37,76.35,72.19,69.49,48.26,49.36,50.95,49.63,46.71,46.41,48.36,47.95,50.0,49.18,47.28,46.37,50.8,51.31,51.22,51.19,50.85,43.68,46.85,45.38,44.35,44.7,45.65,59.82,57.96,60.43,57.33,61.47,64.29,48.24,48.89,50.48,49.41,47.15,46.43,54.08,52.37,53.25,53.32,54.87,54.48,76.62,78.93,77.3,77.42,77.47,71.93,74.46,72.66,74.77,76.76,75.48,69.59,68.76
s18-h2_block11_691594_694782_F,87.09,90.22,97.22,93.85,92.83,89.22,48.43,48.21,50.53,52.2,52.54,55.01,88.06,90.57,99.98,94.23,92.54,92.93,61.16,60.42,59.05,59.44,61.16,62.65,64.85,66.68,60.05,62.28,88.53,90.6,100.0,94.69,92.56,93.42,53.68,55.94,63.04,57.32,56.36,52.35,51.86,52.66,52.5,52.81,81.12,80.37,85.9,81.28,82.77,80.19,32.12,32.26,31.66,49.64,51.72,49.98,62.27,55.14,53.0,43.36,43.03,41.96,42.25,43.68,43.5,51.24,48.8,50.65,51.82,62.48,57.69,59.08,53.62,52.64,49.03,51.15,55.09,49.53,51.89,49.83,51.93,51.06,59.2,60.33,59.49,62.27,55.14,53.0,45.05,44.81,47.02,44.63,44.92,48.87,49.14,49.24,66.19,67.37,68.25,70.49,68.78,65.51,44.37,50.91,46.95,46.4,47.92,43.34,44.67,49.5,46.0,48.03,48.83,43.8,52.35,52.86,52.77,52.74,52.4,40.12,43.47,41.81,40.73,41.13,42.21,56.29,54.51,56.86,53.73,57.87,60.85,44.35,50.44,46.49,46.14,47.46,43.32,53.65,51.54,52.31,50.83,54.04,53.73,73.74,73.14,79.15,74.9,74.02,66.26,68.56,68.26,71.65,67.69,72.34,66.83,65.34
s18-h2_block11_701198_704119_F,89.74,93.59,96.17,98.79,92.2,92.15,47.59,47.71,50.05,53.14,51.98,54.48,90.69,93.01,94.67,99.52,91.87,93.64,60.66,61.44,58.57,58.98,60.41,62.11,64.38,67.65,59.53,61.82,91.15,93.03,94.69,100.0,91.88,94.13,53.15,55.16,57.94,59.35,55.7,54.89,54.4,55.19,55.04,55.35,80.35,79.59,80.64,83.26,82.17,80.13,33.06,31.76,31.27,52.18,54.26,52.51,61.38,54.45,52.37,45.84,45.53,44.46,44.75,46.17,46.05,53.78,51.34,53.19,54.36,61.59,56.14,58.62,52.47,51.8,48.53,50.66,56.03,48.98,51.5,52.37,54.47,53.6,58.71,61.31,58.99,61.38,54.45,52.37,44.6,44.28,47.97,44.07,44.51,51.41,51.68,51.77,68.91,70.71,68.37,75.58,68.13,66.06,46.91,53.44,49.49,48.94,50.46,45.88,47.21,52.04,48.54,50.57,51.36,46.34,54.89,55.39,55.31,55.28,54.94,42.61,45.95,44.31,43.25,43.64,44.74,58.79,56.99,59.36,56.25,60.41,63.37,46.89,52.98,49.03,48.67,50.0,45.86,52.83,51.03,51.84,51.77,53.49,53.34,73.0,72.39,74.08,76.89,73.36,68.91,73.69,67.82,71.77,71.06,72.8,66.83,65.31
s18-h2_block11_710148_713552_F,87.59,91.41,91.0,91.46,98.86,90.01,48.78,49.13,51.53,52.79,53.49,55.86,88.43,91.42,92.58,92.26,99.98,93.64,60.07,58.97,57.94,58.35,59.47,61.41,63.66,65.07,58.9,61.05,88.89,91.45,92.56,91.88,100.0,94.11,56.5,58.59,61.42,59.83,63.77,50.3,49.81,50.6,50.45,50.76,83.22,83.0,80.94,80.41,86.02,81.29,32.74,33.3,32.65,47.59,49.67,47.92,61.96,54.89,52.51,43.3,43.12,42.06,42.4,43.69,43.53,49.19,46.75,48.6,49.77,62.15,57.13,58.79,52.95,53.0,49.95,52.14,55.71,50.5,52.87,47.78,49.88,49.01,58.1,58.88,58.39,61.96,54.89,52.51,46.0,45.79,46.9,45.59,45.87,46.82,47.09,47.18,67.61,67.54,66.98,71.35,76.11,67.46,43.33,48.85,46.22,44.56,45.87,41.29,43.44,47.45,45.27,45.98,46.77,41.75,50.3,50.8,50.72,50.69,50.35,40.25,43.51,41.92,40.89,41.24,42.32,56.36,54.57,57.02,53.91,57.97,60.97,43.33,48.39,45.76,44.33,45.41,41.31,54.01,52.44,53.32,51.45,55.01,54.72,77.49,75.81,77.51,77.62,81.45,67.64,69.39,70.15,70.4,68.93,70.77,71.99,68.13
s18-h2_block11_719764_722918_F,89.93,92.1,93.4,93.91,94.4,94.99,48.33,48.6,50.99,52.74,52.96,55.45,90.89,91.91,93.44,94.48,94.09,99.46,59.98,59.35,57.99,58.26,59.42,61.36,63.58,65.54,58.86,61.06,91.35,91.94,93.42,94.13,94.11,100.0,54.82,55.67,59.29,57.8,57.93,52.68,52.18,52.98,52.83,53.13,82.21,80.08,80.1,79.4,81.76,83.86,32.68,32.68,32.14,49.97,52.05,50.3,61.08,53.84,51.76,45.28,44.98,43.94,44.27,45.59,45.54,51.56,49.12,50.97,52.14,61.28,55.92,59.26,52.09,52.55,49.42,51.59,55.65,49.98,52.36,50.16,52.26,51.38,58.06,59.23,58.31,61.08,53.84,51.76,45.39,45.17,47.56,45.05,45.38,49.2,49.46,49.56,69.13,68.74,68.06,72.43,70.36,71.83,44.69,51.23,47.28,46.73,48.25,43.67,45.0,49.82,46.33,48.35,49.15,44.12,52.68,53.18,53.09,53.06,52.72,42.16,45.41,43.88,42.76,43.15,44.25,58.28,56.45,58.94,55.8,59.84,62.88,44.67,50.76,46.81,46.46,47.78,43.65,53.55,51.89,52.78,51.39,54.49,54.21,75.23,72.92,75.41,75.34,75.61,69.2,70.49,67.9,71.41,69.52,71.92,67.79,71.04
s02-h1_block10_641944_649440_F,53.53,55.97,52.48,52.51,56.24,51.91,36.38,36.34,36.51,36.81,35.97,35.36,53.22,56.15,53.7,53.54,56.52,55.03,32.06,32.81,32.05,32.26,33.59,32.79,33.56,34.14,32.82,33.62,52.75,56.14,53.68,53.15,56.5,54.82,100.0,87.9,77.06,85.6,86.61,27.44,23.08,28.05,30.97,31.26,71.21,65.02,63.21,63.12,63.77,63.41,39.54,38.93,39.28,29.38,31.22,31.18,47.65,37.4,31.71,34.35,33.03,34.15,33.31,34.35,34.21,47.16,42.57,44.85,42.81,47.87,39.07,41.01,31.84,35.91,36.26,36.07,36.49,36.11,36.15,29.53,31.41,31.12,31.69,32.71,32.29,47.63,37.41,31.71,35.54,36.12,35.95,35.68,36.01,49.06,42.99,45.94,79.09,75.79,65.25,72.02,76.42,77.05,53.95,44.6,41.97,48.7,46.73,50.31,53.22,45.88,44.15,47.23,45.9,50.17,31.08,30.24,31.31,31.25,31.21,32.82,30.77,32.56,33.19,33.08,32.6,31.03,31.39,30.69,30.88,31.88,30.56,53.96,45.0,41.92,48.96,47.1,50.22,35.84,36.18,35.94,36.85,35.47,35.85,75.07,71.36,68.25,68.38,67.79,79.25,73.77,78.38,62.47,75.31,69.85,78.14,77.43
s02-h1_block10_651706_659059_F,49.63,60.58,54.22,54.67,57.93,51.53,36.92,36.71,36.93,37.45,36.34,35.65,50.59,61.86,55.96,55.54,58.6,55.18,33.84,34.7,33.72,34.07,35.52,34.71,35.44,36.12,34.67,35.53,51.06,61.85,55.94,55.16,58.59,55.67,87.9,100.0,78.26,88.29,90.3,28.55,24.1,29.18,32.08,32.41,66.78,72.84,65.11,66.4,66.83,65.02,39.87,39.1,39.52,30.51,32.44,32.62,45.79,41.08,32.69,34.12,32.78,33.94,33.17,34.19,34.07,46.15,45.01,47.0,44.84,46.01,43.81,42.76,33.38,36.22,36.63,36.51,36.85,36.43,36.38,30.66,32.63,32.58,33.56,34.57,34.12,45.78,41.09,32.71,35.83,36.42,36.41,35.9,36.33,47.79,45.37,48.34,74.48,81.53,66.06,73.54,79.34,77.33,51.95,48.82,43.53,51.16,48.76,52.45,51.51,50.13,45.73,49.64,47.91,52.35,32.23,31.61,32.56,32.51,32.63,32.63,30.45,32.31,33.0,32.82,32.44,30.94,31.17,30.6,30.61,31.78,30.31,51.92,49.26,43.07,51.42,49.22,52.38,36.18,36.46,36.4,37.38,35.66,36.07,68.9,80.49,68.49,70.19,70.46,74.57,75.37,84.99,63.2,83.05,71.19,80.07,78.0
s02-h1_block10_661235_668288_F,54.19,60.2,61.13,57.13,61.11,56.48,45.7,44.65,45.16,46.68,45.29,43.69,54.11,61.16,63.06,58.3,61.44,59.65,36.25,37.35,36.15,36.42,38.55,37.17,38.36,39.36,37.14,37.96,53.97,61.15,63.04,57.94,61.42,59.29,77.06,78.26,100.0,82.56,79.29,29.77,25.38,23.02,27.99,28.03,67.25,67.76,72.42,65.99,67.0,65.19,41.26,39.97,40.53,24.29,27.94,32.19,46.43,39.42,33.19,37.62,38.1,37.18,37.99,39.29,38.54,35.11,44.69,36.74,34.71,46.62,41.86,43.17,33.8,45.03,45.08,44.87,46.06,44.89,44.84,24.46,28.11,31.14,35.9,37.25,36.47,46.41,39.43,33.19,41.39,41.29,42.14,41.59,41.21,36.97,44.36,39.83,69.7,69.05,81.41,73.66,73.1,70.48,42.95,43.7,55.62,45.33,42.49,42.6,43.35,42.57,53.6,44.9,42.31,42.38,28.11,31.35,29.94,30.01,30.13,35.33,35.99,37.03,36.51,36.63,37.26,39.54,39.22,39.27,39.59,40.52,39.05,42.95,44.12,56.08,45.1,42.93,42.45,45.03,44.76,44.65,46.01,44.21,44.41,71.54,74.57,82.03,72.42,70.23,69.85,72.64,72.53,80.4,69.21,74.01,70.72,70.89
