,s05-h1_block1_84863_88254_F,s05-h1_block1_104813_107918_F,s05-h1_block1_292157_295271_F,s04-h1_block3_30941_35806_F,s04-h1_block3_219976_224857_F,s17-h1_block5_177046_181820_F,s17-h1_block5_376005_380780_F,s10-h2_block5_150395_155156_F,s10-h2_block5_336637_341407_F,s13-h1_block3_158044_161424_F,s13-h1_block3_177986_181087_F,s13-h1_block3_370212_373318_F,s19-h2_block11_453140_456248_F,s19-h2_block11_640169_643268_F,s19-h2_block11_659826_663210_F,s08-h2_block3_134366_137749_F,s08-h2_block3_154310_157409_F,s08-h2_block3_340769_343875_F,s16-h2_block5_141329_146099_F,s16-h2_block5_337767_342542_F,s04-h2_block3_44294_49044_F,s04-h2_block3_231331_236102_F,s03-h1_block9_451564_459454_F,s03-h1_block9_649926_657783_F,s11-h1_block4_125307_130061_F,s11-h1_block4_316093_320863_F,s10-h1_block8_362813_367583_F,s10-h1_block8_556466_561218_F,s17-h2_block15_571878_576653_F,s17-h2_block15_776197_780976_F,s18-h1_block14_502918_507693_F,s18-h1_block14_701879_706652_F,s05-h1_block3_100055_104811_F,s05-h1_block3_287385_292155_F,s02-h2_block4_157875_161256_F,s02-h2_block4_177827_180915_F,s02-h2_block4_364694_367802_F,s13-h1_block5_173221_177984_F,s13-h1_block5_365440_370210_F,s02-h1_block9_362729_367499_F,s02-h1_block9_551008_555762_F,s18-h2_block7_380427_388287_F,s18-h2_block7_577031_584885_F,s08-h2_block5_149550_154308_F,s08-h2_block5_335998_340767_F,s12-h1_block3_138105_141482_F,s12-h1_block3_158042_161126_F,s12-h1_block3_345025_348133_F,s10-h1_block7_359699_362811_F,s10-h1_block7_553364_556464_F,s10-h1_block7_573020_576410_F,s07-h2_block12_330762_335565_F,s07-h2_block12_521698_526465_F,s17-h2_block14_568789_571876_F,s17-h2_block14_773105_776195_F,s17-h2_block14_792784_796148_F,s18-h1_block13_499833_502916_F,s18-h1_block13_698796_701877_F,s18-h1_block13_718463_721826_F,s04-h1_block1_15876_19140_F,s04-h1_block1_35809_38796_F,s04-h1_block1_224859_227856_F,s17-h1_block3_161872_165234_F,s17-h1_block3_181822_184902_F,s17-h1_block3_380782_383863_F,s10-h2_block3_135218_138599_F,s10-h2_block3_155159_158261_F,s10-h2_block3_341409_344517_F,s19-h2_block12_456250_461020_F,s19-h2_block12_643270_648026_F,s02-h2_block6_173051_177825_F,s02-h2_block6_359887_364692_F,s02-h1_block8_359615_362727_F,s02-h1_block8_547905_551006_F,s02-h1_block8_567560_570946_F,s16-h2_block3_126132_129507_F,s16-h2_block3_146101_149185_F,s16-h2_block3_342544_345631_F,s04-h2_block1_29102_32496_F,s04-h2_block1_49047_52151_F,s04-h2_block1_236104_239222_F,s12-h1_block5_153274_158040_F,s12-h1_block5_340220_345023_F,s07-h2_block11_327652_330760_F,s07-h2_block11_518611_521696_F,s07-h2_block11_538271_541658_F
s05-h1_block1_84863_88254_F,100.0,90.17,90.78,22.93,22.93,23.95,24.21,24.12,24.2,99.76,90.21,90.83,56.47,55.39,55.09,99.9,90.13,90.86,24.02,24.21,24.24,24.19,21.27,21.08,24.2,24.2,26.19,27.1,26.27,26.8,26.27,26.73,24.15,24.2,99.77,90.43,90.63,24.09,24.21,26.21,27.08,21.34,21.04,24.15,24.21,99.64,90.25,90.63,56.46,55.37,55.12,25.92,26.93,56.46,55.72,55.19,56.46,55.72,55.2,98.52,90.45,90.05,99.65,90.48,90.56,99.75,90.2,90.86,26.21,27.06,23.95,24.04,56.47,55.36,55.07,99.6,90.3,90.51,99.91,90.01,90.75,24.06,24.03,56.38,55.55,55.2
s05-h1_block1_104813_107918_F,90.17,100.0,94.17,22.33,22.12,23.35,23.35,23.51,23.39,90.07,99.8,94.07,59.3,58.11,58.53,90.13,99.61,94.09,23.41,23.35,23.64,23.38,19.47,18.56,23.59,23.39,24.81,25.14,24.89,24.83,24.89,24.88,23.56,23.39,90.08,99.69,94.1,23.49,23.4,24.82,25.12,19.56,18.67,23.55,23.4,90.08,99.61,94.1,59.3,58.1,58.56,24.54,24.97,59.31,58.44,58.64,59.31,58.44,58.65,89.13,98.52,92.93,90.25,99.66,94.77,90.06,99.81,94.09,24.82,25.1,23.35,22.92,59.3,58.08,58.51,90.47,99.64,94.77,90.08,99.49,94.22,23.46,22.94,59.25,58.27,58.64
s05-h1_block1_292157_295271_F,90.78,94.17,100.0,22.53,22.3,23.57,23.51,23.72,23.56,90.54,94.24,99.87,59.99,58.93,58.24,90.69,94.07,99.86,23.62,23.51,23.84,23.55,20.26,19.52,23.8,23.56,24.82,25.18,24.89,24.87,24.89,24.91,23.78,23.56,90.57,94.48,99.28,23.7,23.57,24.83,25.15,20.38,19.63,23.75,23.57,90.43,94.19,99.28,59.97,58.92,58.28,24.55,25.01,60.03,59.25,58.35,60.03,59.27,58.36,90.09,94.03,98.66,90.72,94.43,99.05,90.53,94.23,99.9,24.83,25.13,23.57,23.08,59.99,58.9,58.22,91.02,94.24,99.1,90.71,93.93,99.93,23.66,23.1,59.88,59.09,58.36
s04-h1_block3_30941_35806_F,22.93,22.33,22.53,100.0,92.46,98.7,92.45,98.79,92.46,23.14,22.35,22.63,13.68,14.79,10.68,23.01,22.39,22.63,98.9,92.45,98.67,92.46,27.78,28.15,98.71,92.46,58.84,57.96,58.76,58.02,58.76,58.1,98.47,92.45,23.1,22.51,22.51,98.82,92.45,58.81,57.97,28.1,28.11,98.67,92.43,23.23,22.53,22.51,13.63,14.78,10.61,58.76,57.97,13.9,14.53,10.91,13.95,14.58,10.92,24.38,23.66,23.88,23.09,22.6,22.92,23.15,22.34,22.6,58.81,57.95,98.72,92.39,13.63,14.77,10.66,22.93,22.55,22.85,22.98,22.32,22.49,98.87,92.39,13.69,14.75,10.65
s04-h1_block3_219976_224857_F,22.93,22.12,22.3,92.46,100.0,91.57,98.39,91.32,98.72,23.13,22.18,22.39,13.46,14.6,10.45,23.01,22.22,22.39,91.41,98.39,91.22,98.7,27.85,28.46,91.25,98.72,58.94,58.28,58.89,58.35,58.89,58.35,91.37,98.74,23.1,22.32,22.3,91.35,98.69,58.92,58.29,28.22,28.35,91.24,98.69,23.22,22.36,22.3,13.41,14.59,10.38,58.59,58.29,13.7,14.32,10.68,13.74,14.37,10.69,24.38,23.47,23.64,23.1,22.41,22.68,23.14,22.17,22.36,58.92,58.27,91.55,97.77,13.41,14.58,10.43,22.97,22.38,22.61,22.97,22.15,22.25,91.38,97.79,13.48,14.55,10.42
s17-h1_block5_177046_181820_F,23.95,23.35,23.57,98.7,91.57,100.0,92.85,99.39,92.85,24.15,23.38,23.66,14.71,15.83,11.72,24.03,23.41,23.66,99.49,92.85,99.24,92.85,27.68,28.08,99.28,92.85,58.73,57.88,58.65,57.95,58.65,58.03,99.68,92.84,24.12,23.54,23.55,99.41,92.84,58.71,57.9,28.0,28.05,99.33,92.81,24.24,23.56,23.55,14.67,15.82,11.65,58.61,57.89,14.94,15.57,11.94,14.99,15.61,11.96,25.39,24.69,24.91,24.11,23.63,23.96,24.16,23.37,23.64,58.71,57.88,99.91,92.83,14.67,15.81,11.69,23.95,23.57,23.89,23.99,23.34,23.53,99.44,92.83,14.72,15.78,11.68
s17-h1_block5_376005_380780_F,24.21,23.35,23.51,92.45,98.39,92.85,100.0,92.6,99.67,24.4,23.41,23.61,14.68,15.82,11.67,24.29,23.45,23.61,92.69,100.0,92.5,99.65,27.8,28.41,92.53,99.67,58.87,58.22,58.82,58.29,58.82,58.29,92.64,99.66,24.38,23.55,23.51,92.62,99.64,58.85,58.23,28.16,28.31,92.52,99.64,24.49,23.59,23.51,14.63,15.81,11.6,58.52,58.23,14.92,15.54,11.9,14.96,15.59,11.91,25.65,24.7,24.86,24.38,23.64,23.9,24.41,23.4,23.58,58.85,58.21,92.83,99.01,14.63,15.79,11.65,24.23,23.61,23.83,24.24,23.38,23.47,92.66,99.03,14.7,15.77,11.64
s10-h2_block5_150395_155156_F,24.12,23.51,23.72,98.79,91.32,99.39,92.6,100.0,92.6,24.32,23.54,23.81,14.87,15.99,11.87,24.2,23.57,23.81,99.87,92.6,99.78,92.6,27.57,27.95,99.83,92.6,58.61,57.75,58.53,57.81,58.53,57.89,99.59,92.59,24.29,23.7,23.7,99.98,92.59,58.59,57.77,27.89,27.92,99.78,92.56,24.41,23.72,23.7,14.83,15.98,11.8,58.53,57.77,15.1,15.73,12.09,15.14,15.77,12.1,25.56,24.85,25.06,24.28,23.79,24.11,24.33,23.53,23.79,58.59,57.74,99.41,92.53,14.83,15.96,11.84,24.12,23.73,24.04,24.16,23.5,23.67,99.9,92.53,14.88,15.94,11.83
s10-h2_block5_336637_341407_F,24.2,23.39,23.56,92.46,98.72,92.85,99.67,92.6,100.0,24.39,23.45,23.65,14.72,15.86,11.72,24.28,23.48,23.65,92.69,99.67,92.5,99.98,27.89,28.51,92.53,100.0,58.97,58.34,58.93,58.4,58.93,58.4,92.64,99.99,24.37,23.58,23.56,92.62,99.97,58.95,58.35,28.25,28.41,92.52,99.97,24.48,23.63,23.56,14.68,15.85,11.65,58.62,58.35,14.96,15.59,11.94,15.01,15.63,11.96,25.64,24.73,24.9,24.37,23.67,23.95,24.4,23.43,23.63,58.95,58.32,92.83,99.04,14.68,15.84,11.69,24.23,23.64,23.88,24.23,23.41,23.51,92.66,99.07,14.75,15.82,11.68
s13-h1_block3_158044_161424_F,99.76,90.07,90.54,23.14,23.13,24.15,24.4,24.32,24.39,100.0,90.1,90.64,56.38,55.31,55.0,99.84,90.12,90.66,24.22,24.4,24.45,24.38,21.24,21.05,24.4,24.39,26.37,27.28,26.45,26.99,26.45,26.91,24.36,24.39,99.94,90.29,90.39,24.3,24.4,26.39,27.26,21.3,21.02,24.36,24.4,99.87,90.24,90.39,56.37,55.29,55.03,26.1,27.11,56.37,55.64,55.1,56.37,55.64,55.11,98.33,90.43,89.81,99.77,90.4,90.34,99.99,90.09,90.62,26.39,27.24,24.15,24.23,56.38,55.28,54.98,99.36,90.29,90.28,99.83,90.0,90.51,24.27,24.22,56.29,55.47,55.11
s13-h1_block3_177986_181087_F,90.21,99.8,94.24,22.35,22.18,23.38,23.41,23.54,23.45,90.1,100.0,94.14,59.35,58.15,58.53,90.16,99.66,94.16,23.43,23.41,23.66,23.43,19.51,18.58,23.62,23.45,24.85,25.17,24.93,24.86,24.93,24.9,23.58,23.45,90.12,99.6,94.19,23.51,23.46,24.86,25.14,19.6,18.7,23.57,23.46,90.12,99.73,94.19,59.35,58.14,58.56,24.57,24.99,59.36,58.48,58.64,59.36,58.48,58.65,89.16,98.61,93.0,90.29,99.59,94.84,90.09,99.99,94.16,24.86,25.12,23.38,22.98,59.35,58.13,58.51,90.5,99.75,94.84,90.12,99.53,94.28,23.48,23.0,59.29,58.31,58.64
s13-h1_block3_370212_373318_F,90.83,94.07,99.87,22.63,22.39,23.66,23.61,23.81,23.65,90.64,94.14,100.0,60.05,59.0,58.31,90.79,94.06,99.97,23.71,23.61,23.94,23.64,20.33,19.59,23.89,23.65,24.91,25.27,24.98,24.96,24.98,25.01,23.87,23.65,90.67,94.37,99.23,23.79,23.66,24.93,25.24,20.45,19.7,23.84,23.66,90.54,94.2,99.23,60.04,58.98,58.35,24.64,25.1,60.1,59.31,58.41,60.1,59.34,58.43,90.15,94.02,98.67,90.82,94.37,99.02,90.63,94.12,99.95,24.93,25.22,23.66,23.17,60.05,58.97,58.29,91.03,94.23,99.02,90.77,93.92,99.85,23.75,23.2,59.95,59.16,58.43
s19-h2_block11_453140_456248_F,56.47,59.3,59.99,13.68,13.46,14.71,14.68,14.87,14.72,56.38,59.35,60.05,100.0,94.12,90.46,56.46,59.28,60.05,14.76,14.68,14.99,14.71,45.49,39.95,14.94,14.72,10.27,10.48,10.21,10.17,10.21,10.24,14.91,14.72,56.4,59.52,60.0,14.85,14.72,10.27,10.45,44.82,40.14,14.91,14.73,56.31,59.44,60.0,99.91,94.1,90.55,9.9,10.31,99.19,94.56,90.49,99.21,94.55,90.5,57.9,60.54,61.32,56.55,59.58,59.83,56.37,59.34,60.07,10.27,10.43,14.71,14.32,99.95,94.1,90.43,56.65,59.45,59.77,56.4,59.22,59.95,14.8,14.35,99.24,94.27,90.63
s19-h2_block11_640169_643268_F,55.39,58.11,58.93,14.79,14.6,15.83,15.82,15.99,15.86,55.31,58.15,59.0,94.12,100.0,90.04,55.37,58.1,59.0,15.87,15.82,16.1,15.85,40.84,45.82,16.06,15.86,11.57,10.58,11.5,10.82,11.5,10.95,16.02,15.86,55.32,58.32,58.96,15.96,15.86,11.57,10.56,41.3,45.76,16.02,15.87,55.24,58.26,58.96,94.07,99.98,89.97,11.19,10.7,94.47,99.4,90.23,94.51,99.45,90.24,56.82,59.37,60.26,55.48,58.38,58.75,55.29,58.14,59.01,11.57,10.53,15.83,15.45,94.08,99.98,90.01,55.57,58.27,58.69,55.32,58.04,58.89,15.92,15.47,93.99,99.83,90.0
s19-h2_block11_659826_663210_F,55.09,58.53,58.24,10.68,10.45,11.72,11.67,11.87,11.72,55.0,58.53,58.31,90.46,90.04,100.0,55.08,58.67,58.32,11.76,11.67,11.99,11.71,36.04,35.86,11.94,11.72,7.14,7.33,7.08,7.03,7.08,7.09,11.91,11.72,55.02,58.36,58.24,11.84,11.72,7.14,7.31,35.94,36.04,11.91,11.73,54.93,58.59,58.24,90.42,90.04,99.91,6.76,7.16,90.28,90.3,99.74,90.32,90.46,99.73,54.52,58.11,57.81,55.17,58.41,58.05,54.99,58.54,58.32,7.14,7.29,11.72,11.32,90.41,90.01,99.98,55.28,58.56,57.99,55.02,58.68,58.21,11.81,11.34,90.23,90.21,99.83
s08-h2_block3_134366_137749_F,99.9,90.13,90.69,23.01,23.01,24.03,24.29,24.2,24.28,99.84,90.16,90.79,56.46,55.37,55.08,100.0,90.08,90.81,24.09,24.29,24.32,24.27,21.25,21.05,24.28,24.28,26.27,27.18,26.35,26.88,26.35,26.8,24.23,24.28,99.85,90.34,90.54,24.17,24.29,26.29,27.16,21.32,21.02,24.23,24.29,99.72,90.21,90.54,56.45,55.36,55.11,26.0,27.01,56.45,55.7,55.18,56.45,55.7,55.19,98.42,90.4,89.96,99.73,90.43,90.49,99.83,90.15,90.77,26.29,27.14,24.03,24.12,56.46,55.35,55.06,99.5,90.25,90.42,99.81,89.97,90.66,24.14,24.11,56.37,55.53,55.19
s08-h2_block3_154310_157409_F,90.13,99.61,94.07,22.39,22.22,23.41,23.45,23.57,23.48,90.12,99.66,94.06,59.28,58.1,58.67,90.08,100.0,94.08,23.47,23.45,23.7,23.47,19.45,18.52,23.65,23.48,24.88,25.18,24.96,24.87,24.96,24.91,23.62,23.48,90.1,99.35,94.0,23.55,23.49,24.89,25.15,19.54,18.63,23.61,23.49,90.15,99.8,94.0,59.28,58.08,58.7,24.61,25.01,59.29,58.43,58.78,59.29,58.43,58.79,89.13,98.68,92.92,90.34,99.43,94.65,90.1,99.67,94.08,24.89,25.13,23.41,23.01,59.28,58.07,58.64,90.42,99.82,94.58,90.08,99.85,94.02,23.51,23.04,59.22,58.26,58.78
s08-h2_block3_340769_343875_F,90.86,94.09,99.86,22.63,22.39,23.66,23.61,23.81,23.65,90.66,94.16,99.97,60.05,59.0,58.32,90.81,94.08,100.0,23.71,23.61,23.94,23.64,20.33,19.59,23.89,23.65,24.91,25.27,24.98,24.96,24.98,25.01,23.87,23.65,90.7,94.4,99.21,23.79,23.66,24.93,25.24,20.45,19.7,23.84,23.66,90.56,94.23,99.21,60.04,58.98,58.36,24.64,25.1,60.1,59.31,58.43,60.1,59.34,58.44,90.17,94.04,98.66,90.84,94.4,99.02,90.65,94.15,99.94,24.93,25.22,23.66,23.17,60.05,58.97,58.3,91.05,94.25,99.02,90.79,93.94,99.84,23.75,23.2,59.95,59.16,58.44
s16-h2_block5_141329_146099_F,24.02,23.41,23.62,98.9,91.41,99.49,92.69,99.87,92.69,24.22,23.43,23.71,14.76,15.87,11.76,24.09,23.47,23.71,100.0,92.69,99.75,92.69,27.58,27.97,99.8,92.69,58.63,57.78,58.55,57.83,58.55,57.91,99.58,92.68,24.19,23.59,23.59,99.9,92.68,58.61,57.79,27.9,27.93,99.77,92.66,24.31,23.62,23.59,14.71,15.86,11.69,58.55,57.79,14.99,15.61,11.99,15.03,15.66,12.0,25.46,24.74,24.96,24.17,23.68,24.0,24.23,23.42,23.68,58.61,57.77,99.51,92.62,14.71,15.85,11.74,24.02,23.63,23.94,24.06,23.4,23.57,99.95,92.62,14.77,15.83,11.73
s16-h2_block5_337767_342542_F,24.21,23.35,23.51,92.45,98.39,92.85,100.0,92.6,99.67,24.4,23.41,23.61,14.68,15.82,11.67,24.29,23.45,23.61,92.69,100.0,92.5,99.65,27.8,28.41,92.53,99.67,58.87,58.22,58.82,58.29,58.82,58.29,92.64,99.66,24.38,23.55,23.51,92.62,99.64,58.85,58.23,28.16,28.31,92.52,99.64,24.49,23.59,23.51,14.63,15.81,11.6,58.52,58.23,14.92,15.54,11.9,14.96,15.59,11.91,25.65,24.7,24.86,24.38,23.64,23.9,24.41,23.4,23.58,58.85,58.21,92.83,99.01,14.63,15.79,11.65,24.23,23.61,23.83,24.24,23.38,23.47,92.66,99.03,14.7,15.77,11.64
s04-h2_block3_44294_49044_F,24.24,23.64,23.84,98.67,91.22,99.24,92.5,99.78,92.5,24.45,23.66,23.94,14.99,16.1,11.99,24.32,23.7,23.94,99.75,92.5,100.0,92.5,27.53,27.92,99.95,92.5,58.59,57.73,58.51,57.79,58.51,57.87,99.49,92.48,24.41,23.82,23.82,99.76,92.48,58.56,57.74,27.85,27.89,99.86,92.46,24.54,23.84,23.82,14.94,16.09,11.92,58.51,57.74,15.21,15.84,12.22,15.26,15.88,12.23,25.69,24.97,25.19,24.4,23.91,24.23,24.46,23.65,23.91,58.56,57.72,99.26,92.42,14.94,16.08,11.97,24.24,23.86,24.16,24.29,23.63,23.8,99.8,92.42,15.0,16.06,11.96
s04-h2_block3_231331_236102_F,24.19,23.38,23.55,92.46,98.7,92.85,99.65,92.6,99.98,24.38,23.43,23.64,14.71,15.85,11.71,24.27,23.47,23.64,92.69,99.65,92.5,100.0,27.91,28.54,92.53,99.98,59.0,58.36,58.95,58.43,58.95,58.43,92.64,99.97,24.36,23.57,23.55,92.62,99.94,58.97,58.37,28.27,28.43,92.52,99.94,24.47,23.62,23.55,14.67,15.84,11.64,58.64,58.37,14.95,15.58,11.93,15.0,15.62,11.94,25.63,24.72,24.89,24.36,23.66,23.94,24.39,23.42,23.62,58.97,58.35,92.83,99.02,14.67,15.83,11.68,24.22,23.63,23.87,24.22,23.4,23.5,92.66,99.04,14.73,15.81,11.67
s03-h1_block9_451564_459454_F,21.27,19.47,20.26,27.78,27.85,27.68,27.8,27.57,27.89,21.24,19.51,20.33,45.49,40.84,36.04,21.25,19.45,20.33,27.58,27.8,27.53,27.91,100.0,87.75,27.54,27.89,64.43,57.01,64.02,57.25,64.02,57.36,27.56,27.89,21.25,19.68,20.25,27.58,27.89,64.45,57.0,98.68,87.87,27.58,27.88,21.24,19.6,20.25,45.56,40.83,36.13,63.41,57.15,44.84,40.74,36.07,44.8,40.66,36.09,22.71,20.71,21.6,21.12,19.73,20.08,21.24,19.49,20.34,64.45,57.03,27.65,27.9,45.54,40.86,36.02,21.12,19.62,20.02,21.26,19.39,20.22,27.57,27.89,44.91,40.7,36.21
s03-h1_block9_649926_657783_F,21.08,18.56,19.52,28.15,28.46,28.08,28.41,27.95,28.51,21.05,18.58,19.59,39.95,45.82,35.86,21.05,18.52,19.59,27.97,28.41,27.92,28.54,87.75,100.0,27.93,28.51,58.47,64.61,58.59,64.79,58.59,64.64,27.95,28.51,21.05,18.77,19.53,27.97,28.51,58.47,64.61,88.39,99.45,27.97,28.51,21.04,18.67,19.53,39.89,45.82,35.79,58.4,64.78,40.29,45.22,36.05,40.33,45.27,36.06,22.51,19.8,20.86,20.95,18.82,19.32,21.05,18.57,19.6,58.47,64.63,28.05,28.57,39.9,45.84,35.83,20.94,18.7,19.27,21.07,18.47,19.48,27.95,28.56,39.81,45.65,35.82
s11-h1_block4_125307_130061_F,24.2,23.59,23.8,98.71,91.25,99.28,92.53,99.83,92.53,24.4,23.62,23.89,14.94,16.06,11.94,24.28,23.65,23.89,99.8,92.53,99.95,92.53,27.54,27.93,100.0,92.53,58.6,57.74,58.52,57.8,58.52,57.88,99.53,92.52,24.37,23.78,23.78,99.81,92.52,58.57,57.75,27.86,27.9,99.89,92.5,24.49,23.8,23.78,14.89,16.04,11.88,58.52,57.75,15.17,15.79,12.17,15.21,15.84,12.18,25.64,24.93,25.14,24.36,23.87,24.19,24.41,23.61,23.87,58.57,57.73,99.31,92.46,14.89,16.03,11.92,24.2,23.81,24.12,24.24,23.58,23.75,99.84,92.46,14.95,16.01,11.91
s11-h1_block4_316093_320863_F,24.2,23.39,23.56,92.46,98.72,92.85,99.67,92.6,100.0,24.39,23.45,23.65,14.72,15.86,11.72,24.28,23.48,23.65,92.69,99.67,92.5,99.98,27.89,28.51,92.53,100.0,58.97,58.34,58.93,58.4,58.93,58.4,92.64,99.99,24.37,23.58,23.56,92.62,99.97,58.95,58.35,28.25,28.41,92.52,99.97,24.48,23.63,23.56,14.68,15.85,11.65,58.62,58.35,14.96,15.59,11.94,15.01,15.63,11.96,25.64,24.73,24.9,24.37,23.67,23.95,24.4,23.43,23.63,58.95,58.32,92.83,99.04,14.68,15.84,11.69,24.23,23.64,23.88,24.23,23.41,23.51,92.66,99.07,14.75,15.82,11.68
s10-h1_block8_362813_367583_F,26.19,24.81,24.82,58.84,58.94,58.73,58.87,58.61,58.97,26.37,24.85,24.91,10.27,11.57,7.14,26.27,24.88,24.91,58.63,58.87,58.59,59.0,64.43,58.47,58.6,58.97,100.0,92.54,99.52,92.78,99.52,92.88,58.62,58.97,26.35,24.99,24.87,58.62,58.97,99.95,92.53,64.39,58.44,58.62,58.96,26.47,25.04,24.87,10.23,11.57,7.07,98.92,92.68,10.51,11.14,7.37,10.56,11.17,7.38,27.64,26.16,26.17,26.3,25.09,25.18,26.37,24.83,24.89,99.95,92.55,58.7,58.98,10.23,11.58,7.12,26.05,25.05,25.11,26.21,24.82,24.78,58.62,58.97,10.27,11.43,7.11
s10-h1_block8_556466_561218_F,27.1,25.14,25.18,57.96,58.28,57.88,58.22,57.75,58.34,27.28,25.17,25.27,10.48,10.58,7.33,27.18,25.18,25.27,57.78,58.22,57.73,58.36,57.01,64.61,57.74,58.34,92.54,100.0,92.67,99.52,92.67,99.28,57.77,58.34,27.26,25.32,25.22,57.77,58.34,92.54,99.93,57.54,64.2,57.77,58.34,27.37,25.35,25.22,10.43,10.57,7.26,92.46,99.83,10.72,10.68,7.56,10.76,10.78,7.57,28.55,26.46,26.52,27.21,25.42,25.54,27.28,25.15,25.24,92.54,99.93,57.85,58.4,10.43,10.56,7.31,26.96,25.36,25.47,27.12,25.13,25.13,57.77,58.39,10.48,10.74,7.3
s17-h2_block15_571878_576653_F,26.27,24.89,24.89,58.76,58.89,58.65,58.82,58.53,58.93,26.45,24.93,24.98,10.21,11.5,7.08,26.35,24.96,24.98,58.55,58.82,58.51,58.95,64.02,58.59,58.52,58.93,99.52,92.67,100.0,92.91,100.0,93.03,58.54,58.93,26.43,25.07,24.94,58.54,58.93,99.54,92.68,64.87,58.57,58.54,58.92,26.55,25.12,24.94,10.17,11.5,7.01,98.99,92.8,10.45,11.07,7.31,10.5,11.1,7.32,27.72,26.24,26.24,26.38,25.17,25.24,26.45,24.91,24.96,99.54,92.7,58.62,58.94,10.17,11.51,7.06,26.13,25.13,25.18,26.29,24.9,24.85,58.54,58.93,10.21,11.36,7.05
s17-h2_block15_776197_780976_F,26.8,24.83,24.87,58.02,58.35,57.95,58.29,57.81,58.4,26.99,24.86,24.96,10.17,10.82,7.03,26.88,24.87,24.96,57.83,58.29,57.79,58.43,57.25,64.79,57.8,58.4,92.78,99.52,92.91,100.0,92.91,99.6,57.83,58.4,26.96,25.02,24.91,57.82,58.4,92.78,99.5,57.78,64.52,57.82,58.4,27.08,25.04,24.91,10.12,10.83,6.96,92.71,99.69,10.41,10.37,7.25,10.45,10.48,7.26,28.25,26.16,26.21,26.92,25.11,25.23,26.99,24.85,24.94,92.78,99.52,57.91,58.47,10.12,10.84,7.0,26.67,25.05,25.17,26.83,24.82,24.82,57.82,58.46,10.17,10.66,6.99
s18-h1_block14_502918_507693_F,26.27,24.89,24.89,58.76,58.89,58.65,58.82,58.53,58.93,26.45,24.93,24.98,10.21,11.5,7.08,26.35,24.96,24.98,58.55,58.82,58.51,58.95,64.02,58.59,58.52,58.93,99.52,92.67,100.0,92.91,100.0,93.03,58.54,58.93,26.43,25.07,24.94,58.54,58.93,99.54,92.68,64.87,58.57,58.54,58.92,26.55,25.12,24.94,10.17,11.5,7.01,98.99,92.8,10.45,11.07,7.31,10.5,11.1,7.32,27.72,26.24,26.24,26.38,25.17,25.24,26.45,24.91,24.96,99.54,92.7,58.62,58.94,10.17,11.51,7.06,26.13,25.13,25.18,26.29,24.9,24.85,58.54,58.93,10.21,11.36,7.05
s18-h1_block14_701879_706652_F,26.73,24.88,24.91,58.1,58.35,58.03,58.29,57.89,58.4,26.91,24.9,25.01,10.24,10.95,7.09,26.8,24.91,25.01,57.91,58.29,57.87,58.43,57.36,64.64,57.88,58.4,92.88,99.28,93.03,99.6,93.03,100.0,57.91,58.4,26.88,25.06,24.96,57.9,58.4,92.88,99.33,57.9,64.85,57.9,58.4,27.0,25.09,24.96,10.19,10.97,7.03,92.86,99.45,10.48,10.49,7.32,10.52,10.54,7.33,28.17,26.2,26.26,26.84,25.15,25.28,26.91,24.89,24.98,92.88,99.35,57.99,58.47,10.19,10.98,7.07,26.59,25.1,25.21,26.75,24.87,24.87,57.9,58.46,10.24,10.79,7.06
s05-h1_block3_100055_104811_F,24.15,23.56,23.78,98.47,91.37,99.68,92.64,99.59,92.64,24.36,23.58,23.87,14.91,16.02,11.91,24.23,23.62,23.87,99.58,92.64,99.49,92.64,27.56,27.95,99.53,92.64,58.62,57.77,58.54,57.83,58.54,57.91,100.0,92.63,24.32,23.74,23.75,99.57,92.63,58.6,57.79,27.88,27.92,99.58,92.61,24.45,23.76,23.75,14.86,16.01,11.84,58.49,57.78,15.13,15.76,12.14,15.18,15.81,12.15,25.6,24.89,25.12,24.31,23.83,24.16,24.37,23.57,23.84,58.6,57.77,99.7,92.67,14.86,16.0,11.89,24.15,23.78,24.09,24.2,23.55,23.73,99.58,92.67,14.92,15.98,11.88
s05-h1_block3_287385_292155_F,24.2,23.39,23.56,92.45,98.74,92.84,99.66,92.59,99.99,24.39,23.45,23.65,14.72,15.86,11.72,24.28,23.48,23.65,92.68,99.66,92.48,99.97,27.89,28.51,92.52,99.99,58.97,58.34,58.93,58.4,58.93,58.4,92.63,100.0,24.37,23.58,23.56,92.61,99.95,58.95,58.35,28.25,28.41,92.51,99.95,24.48,23.63,23.56,14.68,15.85,11.65,58.62,58.35,14.96,15.59,11.94,15.01,15.63,11.96,25.64,24.73,24.9,24.37,23.67,23.95,24.4,23.43,23.63,58.95,58.32,92.81,99.03,14.68,15.84,11.69,24.23,23.64,23.88,24.23,23.41,23.51,92.64,99.05,14.75,15.82,11.68
s02-h2_block4_157875_161256_F,99.77,90.08,90.57,23.1,23.1,24.12,24.38,24.29,24.37,99.94,90.12,90.67,56.4,55.32,55.02,99.85,90.1,90.7,24.19,24.38,24.41,24.36,21.25,21.05,24.37,24.37,26.35,27.26,26.43,26.96,26.43,26.88,24.32,24.37,100.0,90.3,90.42,24.27,24.38,26.37,27.24,21.32,21.02,24.32,24.38,99.82,90.23,90.42,56.39,55.31,55.06,26.08,27.09,56.39,55.65,55.12,56.39,55.65,55.14,98.34,90.42,89.84,99.76,90.41,90.38,99.93,90.1,90.65,26.37,27.21,24.12,24.21,56.4,55.29,55.0,99.4,90.28,90.31,99.82,89.99,90.55,24.23,24.2,56.31,55.48,55.14
s02-h2_block4_177827_180915_F,90.43,99.69,94.48,22.51,22.32,23.54,23.55,23.7,23.58,90.29,99.6,94.37,59.52,58.32,58.36,90.34,99.35,94.4,23.59,23.55,23.82,23.57,19.68,18.77,23.78,23.58,24.99,25.32,25.07,25.02,25.07,25.06,23.74,23.58,90.3,100.0,94.41,23.67,23.59,25.01,25.3,19.77,18.88,23.73,23.59,90.3,99.46,94.41,59.52,58.31,58.39,24.72,25.15,59.53,58.65,58.47,59.53,58.65,58.48,89.39,98.74,93.24,90.47,99.87,95.01,90.28,99.59,94.4,25.01,25.28,23.54,23.12,59.52,58.3,58.34,90.73,99.53,95.08,90.34,99.23,94.52,23.64,23.14,59.46,58.48,58.47
s02-h2_block4_364694_367802_F,90.63,94.1,99.28,22.51,22.3,23.55,23.51,23.7,23.56,90.39,94.19,99.23,60.0,58.96,58.24,90.54,94.0,99.21,23.59,23.51,23.82,23.55,20.25,19.53,23.78,23.56,24.87,25.22,24.94,24.91,24.94,24.96,23.75,23.56,90.42,94.41,100.0,23.67,23.57,24.88,25.2,20.37,19.64,23.73,23.57,90.29,94.11,100.0,59.99,58.95,58.28,24.6,25.05,60.04,59.28,58.35,60.04,59.3,58.36,89.96,93.96,98.0,90.57,94.34,98.63,90.38,94.18,99.25,24.88,25.18,23.55,23.08,60.0,58.94,58.22,90.89,94.17,98.7,90.56,93.87,99.28,23.64,23.1,59.9,59.12,58.36
s13-h1_block5_173221_177984_F,24.09,23.49,23.7,98.82,91.35,99.41,92.62,99.98,92.62,24.3,23.51,23.79,14.85,15.96,11.84,24.17,23.55,23.79,99.9,92.62,99.76,92.62,27.58,27.97,99.81,92.62,58.62,57.77,58.54,57.82,58.54,57.9,99.57,92.61,24.27,23.67,23.67,100.0,92.61,58.6,57.78,27.9,27.93,99.76,92.59,24.39,23.7,23.67,14.8,15.95,11.77,58.54,57.78,15.08,15.7,12.07,15.12,15.75,12.08,25.54,24.82,25.04,24.25,23.76,24.08,24.31,23.5,23.76,58.6,57.75,99.43,92.55,14.8,15.94,11.82,24.09,23.71,24.02,24.14,23.48,23.65,99.92,92.55,14.86,15.92,11.81
s13-h1_block5_365440_370210_F,24.21,23.4,23.57,92.45,98.69,92.84,99.64,92.59,99.97,24.4,23.46,23.66,14.72,15.86,11.72,24.29,23.49,23.66,92.68,99.64,92.48,99.94,27.89,28.51,92.52,99.97,58.97,58.34,58.93,58.4,58.93,58.4,92.63,99.95,24.38,23.59,23.57,92.61,100.0,58.95,58.35,28.25,28.41,92.51,99.93,24.49,23.64,23.57,14.68,15.85,11.65,58.62,58.35,14.96,15.59,11.94,15.01,15.63,11.96,25.65,24.74,24.91,24.38,23.68,23.96,24.41,23.45,23.64,58.95,58.32,92.81,99.01,14.68,15.84,11.69,24.24,23.65,23.89,24.24,23.42,23.53,92.64,99.03,14.75,15.82,11.68
s02-h1_block9_362729_367499_F,26.21,24.82,24.83,58.81,58.92,58.71,58.85,58.59,58.95,26.39,24.86,24.93,10.27,11.57,7.14,26.29,24.89,24.93,58.61,58.85,58.56,58.97,64.45,58.47,58.57,58.95,99.95,92.54,99.54,92.78,99.54,92.88,58.6,58.95,26.37,25.01,24.88,58.6,58.95,100.0,92.53,64.42,58.44,58.6,58.94,26.5,25.05,24.88,10.23,11.57,7.07,98.94,92.68,10.51,11.14,7.37,10.56,11.17,7.38,27.66,26.17,26.18,26.32,25.1,25.19,26.39,24.85,24.9,100.0,92.55,58.68,58.96,10.23,11.58,7.12,26.06,25.06,25.12,26.24,24.83,24.79,58.6,58.95,10.27,11.43,7.11
s02-h1_block9_551008_555762_F,27.08,25.12,25.15,57.97,58.29,57.9,58.23,57.77,58.35,27.26,25.14,25.24,10.45,10.56,7.31,27.16,25.15,25.24,57.79,58.23,57.74,58.37,57.0,64.61,57.75,58.35,92.53,99.93,92.68,99.5,92.68,99.33,57.79,58.35,27.24,25.3,25.2,57.78,58.35,92.53,100.0,57.55,64.25,57.78,58.35,27.35,25.32,25.2,10.41,10.54,7.24,92.5,99.76,10.69,10.66,7.54,10.74,10.76,7.55,28.52,26.44,26.5,27.19,25.39,25.52,27.26,25.13,25.22,92.53,99.98,57.87,58.41,10.41,10.53,7.29,26.94,25.34,25.45,27.1,25.11,25.11,57.78,58.4,10.45,10.72,7.28
s18-h2_block7_380427_388287_F,21.34,19.56,20.38,28.1,28.22,28.0,28.16,27.89,28.25,21.3,19.6,20.45,44.82,41.3,35.94,21.32,19.54,20.45,27.9,28.16,27.85,28.27,98.68,88.39,27.86,28.25,64.39,57.54,64.87,57.78,64.87,57.9,27.88,28.25,21.32,19.77,20.37,27.9,28.25,64.42,57.55,100.0,88.53,27.9,28.24,21.3,19.69,20.37,44.82,41.29,36.03,63.86,57.67,45.56,41.2,35.97,45.6,41.12,35.98,22.77,20.8,21.73,21.2,19.82,20.18,21.3,19.59,20.46,64.42,57.57,27.97,28.26,44.8,41.31,35.91,21.2,19.71,20.12,21.33,19.48,20.35,27.89,28.25,44.36,41.15,36.11
s18-h2_block7_577031_584885_F,21.04,18.67,19.63,28.11,28.35,28.05,28.31,27.92,28.41,21.02,18.7,19.7,40.14,45.76,36.04,21.02,18.63,19.7,27.93,28.31,27.89,28.43,87.87,99.45,27.9,28.41,58.44,64.2,58.57,64.52,58.57,64.85,27.92,28.41,21.02,18.88,19.64,27.93,28.41,58.44,64.25,88.53,100.0,27.93,28.41,21.01,18.79,19.64,40.08,45.76,36.02,58.41,64.37,40.48,45.5,36.12,40.53,45.58,36.13,22.48,19.92,20.97,20.92,18.94,19.44,21.02,18.69,19.71,58.44,64.27,28.01,28.47,40.09,45.79,36.02,20.91,18.81,19.38,21.03,18.58,19.6,27.92,28.46,40.0,45.59,36.05
s08-h2_block5_149550_154308_F,24.15,23.55,23.75,98.67,91.24,99.33,92.52,99.78,92.52,24.36,23.57,23.84,14.91,16.02,11.91,24.23,23.61,23.84,99.77,92.52,99.86,92.52,27.58,27.97,99.89,92.52,58.62,57.77,58.54,57.82,58.54,57.9,99.58,92.51,24.32,23.73,23.73,99.76,92.51,58.6,57.78,27.9,27.93,100.0,92.48,24.45,23.75,23.73,14.86,16.01,11.84,58.54,57.78,15.13,15.76,12.14,15.18,15.81,12.15,25.6,24.88,25.1,24.31,23.82,24.14,24.37,23.56,23.82,58.6,57.75,99.33,92.48,14.86,16.0,11.89,24.15,23.76,24.07,24.2,23.54,23.71,99.77,92.48,14.92,15.98,11.88
s08-h2_block5_335998_340767_F,24.21,23.4,23.57,92.43,98.69,92.81,99.64,92.56,99.97,24.4,23.46,23.66,14.73,15.87,11.73,24.29,23.49,23.66,92.66,99.64,92.46,99.94,27.88,28.51,92.5,99.97,58.96,58.34,58.92,58.4,58.92,58.4,92.61,99.95,24.38,23.59,23.57,92.59,99.93,58.94,58.35,28.24,28.41,92.48,100.0,24.49,23.64,23.57,14.69,15.86,11.66,58.61,58.35,14.97,15.6,11.96,15.02,15.65,11.97,25.65,24.74,24.91,24.38,23.68,23.96,24.41,23.45,23.64,58.94,58.32,92.79,99.01,14.69,15.85,11.71,24.24,23.65,23.89,24.24,23.42,23.53,92.62,99.03,14.76,15.83,11.69
s12-h1_block3_138105_141482_F,99.64,90.08,90.43,23.23,23.22,24.24,24.49,24.41,24.48,99.87,90.12,90.54,56.31,55.24,54.93,99.72,90.15,90.56,24.31,24.49,24.54,24.47,21.24,21.04,24.49,24.48,26.47,27.37,26.55,27.08,26.55,27.0,24.45,24.48,99.82,90.3,90.29,24.39,24.49,26.5,27.35,21.3,21.01,24.45,24.49,100.0,90.28,90.29,56.3,55.23,54.96,26.2,27.2,56.3,55.57,55.03,56.3,55.57,55.04,98.2,90.47,89.71,99.67,90.41,90.31,99.89,90.1,90.51,26.5,27.33,24.24,24.32,56.31,55.22,54.91,99.24,90.32,90.24,99.7,90.04,90.41,24.36,24.31,56.22,55.4,55.04
s12-h1_block3_158042_161126_F,90.25,99.61,94.19,22.53,22.36,23.56,23.59,23.72,23.63,90.24,99.73,94.2,59.44,58.26,58.59,90.21,99.8,94.23,23.62,23.59,23.84,23.62,19.6,18.67,23.8,23.63,25.04,25.35,25.12,25.04,25.12,25.09,23.76,23.63,90.23,99.46,94.11,23.7,23.64,25.05,25.32,19.69,18.79,23.75,23.64,90.28,100.0,94.11,59.44,58.24,58.62,24.77,25.18,59.45,58.59,58.7,59.45,58.59,58.71,89.25,98.79,93.07,90.47,99.54,94.76,90.23,99.72,94.23,25.05,25.3,23.56,23.16,59.44,58.23,58.56,90.53,99.93,94.69,90.21,99.67,94.15,23.66,23.18,59.38,58.41,58.7
s12-h1_block3_345025_348133_F,90.63,94.1,99.28,22.51,22.3,23.55,23.51,23.7,23.56,90.39,94.19,99.23,60.0,58.96,58.24,90.54,94.0,99.21,23.59,23.51,23.82,23.55,20.25,19.53,23.78,23.56,24.87,25.22,24.94,24.91,24.94,24.96,23.75,23.56,90.42,94.41,100.0,23.67,23.57,24.88,25.2,20.37,19.64,23.73,23.57,90.29,94.11,100.0,59.99,58.95,58.28,24.6,25.05,60.04,59.28,58.35,60.04,59.3,58.36,89.96,93.96,98.0,90.57,94.34,98.63,90.38,94.18,99.25,24.88,25.18,23.55,23.08,60.0,58.94,58.22,90.89,94.17,98.7,90.56,93.87,99.28,23.64,23.1,59.9,59.12,58.36
s10-h1_block7_359699_362811_F,56.46,59.3,59.97,13.63,13.41,14.67,14.63,14.83,14.68,56.37,59.35,60.04,99.91,94.07,90.42,56.45,59.28,60.04,14.71,14.63,14.94,14.67,45.56,39.89,14.89,14.68,10.23,10.43,10.17,10.12,10.17,10.19,14.86,14.68,56.39,59.52,59.99,14.8,14.68,10.23,10.41,44.82,40.08,14.86,14.69,56.3,59.44,59.99,100.0,94.04,90.51,9.85,10.26,99.26,94.5,90.46,99.21,94.49,90.47,57.89,60.54,61.31,56.54,59.58,59.82,56.35,59.34,60.05,10.23,10.38,14.67,14.28,99.95,94.04,90.4,56.64,59.45,59.76,56.39,59.22,59.94,14.76,14.3,99.28,94.22,90.59
s10-h1_block7_553364_556464_F,55.37,58.1,58.92,14.78,14.59,15.82,15.81,15.98,15.85,55.29,58.14,58.98,94.1,99.98,90.04,55.36,58.08,58.98,15.86,15.81,16.09,15.84,40.83,45.82,16.04,15.85,11.57,10.57,11.5,10.83,11.5,10.97,16.01,15.85,55.31,58.31,58.95,15.95,15.85,11.57,10.54,41.29,45.76,16.01,15.86,55.23,58.24,58.95,94.04,100.0,89.97,11.2,10.72,94.44,99.37,90.23,94.49,99.43,90.24,56.81,59.36,60.25,55.47,58.37,58.73,55.28,58.13,59.0,11.57,10.52,15.82,15.44,94.06,99.98,90.01,55.56,58.26,58.68,55.31,58.03,58.88,15.91,15.46,93.96,99.83,90.0
s10-h1_block7_573020_576410_F,55.12,58.56,58.28,10.61,10.38,11.65,11.6,11.8,11.65,55.03,58.56,58.35,90.55,89.97,99.91,55.11,58.7,58.36,11.69,11.6,11.92,11.64,36.13,35.79,11.88,11.65,7.07,7.26,7.01,6.96,7.01,7.03,11.84,11.65,55.06,58.39,58.28,11.77,11.65,7.07,7.24,36.03,36.02,11.84,11.66,54.96,58.62,58.28,90.51,89.97,100.0,6.7,7.09,90.37,90.37,99.67,90.41,90.43,99.66,54.55,58.14,57.85,55.2,58.45,58.08,55.02,58.57,58.36,7.07,7.22,11.65,11.25,90.5,89.95,99.89,55.32,58.6,58.03,55.06,58.71,58.24,11.74,11.27,90.32,90.14,99.92
s07-h2_block12_330762_335565_F,25.92,24.54,24.55,58.76,58.59,58.61,58.52,58.53,58.62,26.1,24.57,24.64,9.9,11.19,6.76,26.0,24.61,24.64,58.55,58.52,58.51,58.64,63.41,58.4,58.52,58.62,98.92,92.46,98.99,92.71,98.99,92.86,58.49,58.62,26.08,24.72,24.6,58.54,58.62,98.94,92.5,63.86,58.41,58.54,58.61,26.2,24.77,24.6,9.85,11.2,6.7,100.0,92.61,10.13,10.76,6.99,10.18,10.79,7.0,27.36,25.88,25.89,26.02,24.81,24.9,26.1,24.56,24.62,98.94,92.52,58.57,58.62,9.85,11.22,6.74,25.77,24.78,24.83,25.94,24.55,24.5,58.54,58.61,9.9,11.06,6.73
s07-h2_block12_521698_526465_F,26.93,24.97,25.01,57.97,58.29,57.89,58.23,57.77,58.35,27.11,24.99,25.1,10.31,10.7,7.16,27.01,25.01,25.1,57.79,58.23,57.74,58.37,57.15,64.78,57.75,58.35,92.68,99.83,92.8,99.69,92.8,99.45,57.78,58.35,27.09,25.15,25.05,57.78,58.35,92.68,99.76,57.67,64.37,57.78,58.35,27.2,25.18,25.05,10.26,10.72,7.09,92.61,100.0,10.54,10.51,7.39,10.59,10.61,7.4,28.38,26.29,26.35,27.04,25.24,25.37,27.11,24.98,25.07,92.68,99.78,57.86,58.41,10.26,10.73,7.14,26.79,25.19,25.3,26.95,24.96,24.96,57.78,58.4,10.31,10.57,7.13
s17-h2_block14_568789_571876_F,56.46,59.31,60.03,13.9,13.7,14.94,14.92,15.1,14.96,56.37,59.36,60.1,99.19,94.47,90.28,56.45,59.29,60.1,14.99,14.92,15.21,14.95,44.84,40.29,15.17,14.96,10.51,10.72,10.45,10.41,10.45,10.48,15.13,14.96,56.39,59.53,60.04,15.08,14.96,10.51,10.69,45.56,40.48,15.13,14.97,56.3,59.45,60.04,99.26,94.44,90.37,10.13,10.54,100.0,94.9,90.31,99.95,94.89,90.32,57.89,60.56,61.36,56.54,59.59,59.85,56.35,59.35,60.11,10.51,10.67,14.94,14.56,99.24,94.44,90.25,56.64,59.46,59.79,56.39,59.23,60.0,15.03,14.59,98.8,94.61,90.45
s17-h2_block14_773105_776195_F,55.72,58.44,59.25,14.53,14.32,15.57,15.54,15.73,15.59,55.64,58.48,59.31,94.56,99.4,90.3,55.7,58.43,59.31,15.61,15.54,15.84,15.58,40.74,45.22,15.79,15.59,11.14,10.68,11.07,10.37,11.07,10.49,15.76,15.59,55.65,58.65,59.28,15.7,15.59,11.14,10.66,41.2,45.5,15.76,15.6,55.57,58.59,59.28,94.5,99.37,90.37,10.76,10.51,94.9,100.0,90.33,94.94,99.81,90.34,57.15,59.7,60.58,55.81,58.71,59.06,55.63,58.47,59.33,11.14,10.64,15.57,15.18,94.51,99.37,90.28,55.9,58.6,59.01,55.65,58.37,59.21,15.66,15.2,94.42,99.54,90.45
s17-h2_block14_792784_796148_F,55.19,58.64,58.35,10.91,10.68,11.94,11.9,12.09,11.94,55.1,58.64,58.41,90.49,90.23,99.74,55.18,58.78,58.43,11.99,11.9,12.22,11.93,36.07,36.05,12.17,11.94,7.37,7.56,7.31,7.25,7.31,7.32,12.14,11.94,55.12,58.47,58.35,12.07,11.94,7.37,7.54,35.97,36.12,12.14,11.96,55.03,58.7,58.35,90.46,90.23,99.67,6.99,7.39,90.31,90.33,100.0,90.36,90.49,99.99,54.62,58.22,57.91,55.27,58.53,58.15,55.09,58.65,58.43,7.37,7.52,11.94,11.55,90.45,90.21,99.72,55.39,58.68,58.1,55.12,58.79,58.31,12.04,11.57,90.26,90.4,99.7
s18-h1_block13_499833_502916_F,56.46,59.31,60.03,13.95,13.74,14.99,14.96,15.14,15.01,56.37,59.36,60.1,99.21,94.51,90.32,56.45,59.29,60.1,15.03,14.96,15.26,15.0,44.8,40.33,15.21,15.01,10.56,10.76,10.5,10.45,10.5,10.52,15.18,15.01,56.39,59.53,60.04,15.12,15.01,10.56,10.74,45.6,40.53,15.18,15.02,56.3,59.45,60.04,99.21,94.49,90.41,10.18,10.59,99.95,94.94,90.36,100.0,94.93,90.37,57.89,60.56,61.36,56.54,59.59,59.85,56.35,59.35,60.11,10.56,10.72,14.99,14.61,99.19,94.49,90.3,56.64,59.46,59.79,56.39,59.23,60.0,15.08,14.63,98.76,94.66,90.49
s18-h1_block13_698796_701877_F,55.72,58.44,59.27,14.58,14.37,15.61,15.59,15.77,15.63,55.64,58.48,59.34,94.55,99.45,90.46,55.7,58.43,59.34,15.66,15.59,15.88,15.62,40.66,45.27,15.84,15.63,11.17,10.78,11.1,10.48,11.1,10.54,15.81,15.63,55.65,58.65,59.3,15.75,15.63,11.17,10.76,41.12,45.58,15.81,15.65,55.57,58.59,59.3,94.49,99.43,90.43,10.79,10.61,94.89,99.81,90.49,94.93,100.0,90.5,57.15,59.7,60.6,55.81,58.71,59.09,55.63,58.47,59.35,11.17,10.74,15.61,15.22,94.5,99.43,90.43,55.9,58.6,59.03,55.65,58.37,59.23,15.7,15.25,94.41,99.6,90.47
s18-h1_block13_718463_721826_F,55.2,58.65,58.36,10.92,10.69,11.96,11.91,12.1,11.96,55.11,58.65,58.43,90.5,90.24,99.73,55.19,58.79,58.44,12.0,11.91,12.23,11.94,36.09,36.06,12.18,11.96,7.38,7.57,7.32,7.26,7.32,7.33,12.15,11.96,55.14,58.48,58.36,12.08,11.96,7.38,7.55,35.98,36.13,12.15,11.97,55.04,58.71,58.36,90.47,90.24,99.66,7.0,7.4,90.32,90.34,99.99,90.37,90.5,100.0,54.63,58.23,57.93,55.28,58.54,58.16,55.1,58.67,58.44,7.38,7.53,11.96,11.56,90.46,90.22,99.7,55.4,58.69,58.11,55.14,58.8,58.32,12.05,11.58,90.28,90.41,99.69
s04-h1_block1_15876_19140_F,98.52,89.13,90.09,24.38,24.38,25.39,25.65,25.56,25.64,98.33,89.16,90.15,57.9,56.82,54.52,98.42,89.13,90.17,25.46,25.65,25.69,25.63,22.71,22.51,25.64,25.64,27.64,28.55,27.72,28.25,27.72,28.17,25.6,25.64,98.34,89.39,89.96,25.54,25.65,27.66,28.52,22.77,22.48,25.6,25.65,98.2,89.25,89.96,57.89,56.81,54.55,27.36,28.38,57.89,57.15,54.62,57.89,57.15,54.63,100.0,90.39,91.43,98.21,89.46,89.88,98.31,89.15,90.17,27.66,28.5,25.39,25.48,57.9,56.8,54.5,98.12,89.3,89.83,98.47,89.08,90.07,25.51,25.47,57.81,56.98,54.63
s04-h1_block1_35809_38796_F,90.45,98.52,94.03,23.66,23.47,24.69,24.7,24.85,24.73,90.43,98.61,94.02,60.54,59.37,58.11,90.4,98.68,94.04,24.74,24.7,24.97,24.72,20.71,19.8,24.93,24.73,26.16,26.46,26.24,26.16,26.24,26.2,24.89,24.73,90.42,98.74,93.96,24.82,24.74,26.17,26.44,20.8,19.92,24.88,24.74,90.47,98.79,93.96,60.54,59.36,58.14,25.88,26.29,60.56,59.7,58.22,60.56,59.7,58.23,90.39,100.0,94.18,90.66,98.82,94.61,90.42,98.6,94.04,26.17,26.42,24.69,24.27,60.54,59.35,58.08,90.74,98.86,94.55,90.4,98.55,93.99,24.79,24.29,60.49,59.53,58.22
s04-h1_block1_224859_227856_F,90.05,92.93,98.66,23.88,23.64,24.91,24.86,25.06,24.9,89.81,93.0,98.67,61.32,60.26,57.81,89.96,92.92,98.66,24.96,24.86,25.19,24.89,21.6,20.86,25.14,24.9,26.17,26.52,26.24,26.21,26.24,26.26,25.12,24.9,89.84,93.24,98.0,25.04,24.91,26.18,26.5,21.73,20.97,25.1,24.91,89.71,93.07,98.0,61.31,60.25,57.85,25.89,26.35,61.36,60.58,57.91,61.36,60.6,57.93,91.43,94.18,100.0,89.99,93.24,97.76,89.8,92.99,98.69,26.18,26.47,24.91,24.42,61.32,60.24,57.79,90.24,93.09,97.76,89.98,92.85,98.59,25.01,24.45,61.22,60.42,57.93
s17-h1_block3_161872_165234_F,99.65,90.25,90.72,23.09,23.1,24.11,24.38,24.28,24.37,99.77,90.29,90.82,56.55,55.48,55.17,99.73,90.34,90.84,24.17,24.38,24.4,24.36,21.12,20.95,24.36,24.37,26.3,27.21,26.38,26.92,26.38,26.84,24.31,24.37,99.76,90.47,90.57,24.25,24.38,26.32,27.19,21.2,20.92,24.31,24.38,99.67,90.47,90.57,56.54,55.47,55.2,26.02,27.04,56.54,55.81,55.27,56.54,55.81,55.28,98.21,90.66,89.99,100.0,90.58,90.53,99.76,90.28,90.8,26.32,27.17,24.11,24.21,56.55,55.45,55.15,99.54,90.51,90.46,99.6,90.23,90.7,24.22,24.2,56.46,55.64,55.28
s17-h1_block3_181822_184902_F,90.48,99.66,94.43,22.6,22.41,23.63,23.64,23.79,23.67,90.4,99.59,94.37,59.58,58.38,58.41,90.43,99.43,94.4,23.68,23.64,23.91,23.66,19.73,18.82,23.87,23.67,25.09,25.42,25.17,25.11,25.17,25.15,23.83,23.67,90.41,99.87,94.34,23.76,23.68,25.1,25.39,19.82,18.94,23.82,23.68,90.41,99.54,94.34,59.58,58.37,58.45,24.81,25.24,59.59,58.71,58.53,59.59,58.71,58.54,89.46,98.82,93.24,90.58,100.0,95.08,90.39,99.58,94.4,25.1,25.37,23.63,23.21,59.58,58.36,58.39,90.78,99.61,95.01,90.41,99.31,94.45,23.73,23.23,59.52,58.54,58.53
s17-h1_block3_380782_383863_F,90.56,94.77,99.05,22.92,22.68,23.96,23.9,24.11,23.95,90.34,94.84,99.02,59.83,58.75,58.05,90.49,94.65,99.02,24.0,23.9,24.23,23.94,20.08,19.32,24.19,23.95,25.18,25.54,25.24,25.23,25.24,25.28,24.16,23.95,90.38,95.01,98.63,24.08,23.96,25.19,25.52,20.18,19.44,24.14,23.96,90.31,94.76,98.63,59.82,58.73,58.08,24.9,25.37,59.85,59.06,58.15,59.85,59.09,58.16,89.88,94.61,97.76,90.53,95.08,100.0,90.33,94.83,99.04,25.19,25.5,23.96,23.47,59.83,58.72,58.03,90.8,94.82,99.93,90.49,94.51,99.1,24.05,23.49,59.75,58.9,58.16
s10-h2_block3_135218_138599_F,99.75,90.06,90.53,23.15,23.14,24.16,24.41,24.33,24.4,99.99,90.09,90.63,56.37,55.29,54.99,99.83,90.1,90.65,24.23,24.41,24.46,24.39,21.24,21.05,24.41,24.4,26.37,27.28,26.45,26.99,26.45,26.91,24.37,24.4,99.93,90.28,90.38,24.31,24.41,26.39,27.26,21.3,21.02,24.37,24.41,99.89,90.23,90.38,56.35,55.28,55.02,26.1,27.11,56.35,55.63,55.09,56.35,55.63,55.1,98.31,90.42,89.8,99.76,90.39,90.33,100.0,90.08,90.61,26.39,27.24,24.16,24.24,56.37,55.27,54.96,99.35,90.28,90.26,99.82,89.99,90.5,24.28,24.23,56.27,55.45,55.1
s10-h2_block3_155159_158261_F,90.2,99.81,94.23,22.34,22.17,23.37,23.4,23.53,23.43,90.09,99.99,94.12,59.34,58.14,58.54,90.15,99.67,94.15,23.42,23.4,23.65,23.42,19.49,18.57,23.61,23.43,24.83,25.15,24.91,24.85,24.91,24.89,23.57,23.43,90.1,99.59,94.18,23.5,23.45,24.85,25.13,19.59,18.69,23.56,23.45,90.1,99.72,94.18,59.34,58.13,58.57,24.56,24.98,59.35,58.47,58.65,59.35,58.47,58.67,89.15,98.6,92.99,90.28,99.58,94.83,90.08,100.0,94.15,24.85,25.11,23.37,22.97,59.34,58.12,58.52,90.49,99.74,94.83,90.1,99.54,94.27,23.47,22.99,59.28,58.3,58.65
s10-h2_block3_341409_344517_F,90.86,94.09,99.9,22.6,22.36,23.64,23.58,23.79,23.63,90.62,94.16,99.95,60.07,59.01,58.32,90.77,94.08,99.94,23.68,23.58,23.91,23.62,20.34,19.6,23.87,23.63,24.89,25.24,24.96,24.94,24.96,24.98,23.84,23.63,90.65,94.4,99.25,23.76,23.64,24.9,25.22,20.46,19.71,23.82,23.64,90.51,94.23,99.25,60.05,59.0,58.36,24.62,25.07,60.11,59.33,58.43,60.11,59.35,58.44,90.17,94.04,98.69,90.8,94.4,99.04,90.61,94.15,100.0,24.9,25.2,23.64,23.15,60.07,58.98,58.3,91.05,94.25,99.04,90.79,93.94,99.87,23.73,23.17,59.96,59.17,58.44
s19-h2_block12_456250_461020_F,26.21,24.82,24.83,58.81,58.92,58.71,58.85,58.59,58.95,26.39,24.86,24.93,10.27,11.57,7.14,26.29,24.89,24.93,58.61,58.85,58.56,58.97,64.45,58.47,58.57,58.95,99.95,92.54,99.54,92.78,99.54,92.88,58.6,58.95,26.37,25.01,24.88,58.6,58.95,100.0,92.53,64.42,58.44,58.6,58.94,26.5,25.05,24.88,10.23,11.57,7.07,98.94,92.68,10.51,11.14,7.37,10.56,11.17,7.38,27.66,26.17,26.18,26.32,25.1,25.19,26.39,24.85,24.9,100.0,92.55,58.68,58.96,10.23,11.58,7.12,26.06,25.06,25.12,26.24,24.83,24.79,58.6,58.95,10.27,11.43,7.11
